-0.111199266426257 -0.437900610091551 1.3662038163721
-0.298102412930487 -0.916556667533113 0.243921436426415
-0.571429800393284 -0.298102412930487 -0.111199266426257
-0.0326441859066233 0.098072152488661 -0.750215375467941
-0.360129891789569 0.496145631381141 -0.586869036451862
-0.936611696302063 0.0326441859066235 -2.22558985026376
-0.243921436426416 0.163923119357422 0.0849619174528148
2.7938580633154 1.11319427716093 1.06592326015658
-0.4235760842012 1.40018364100018 -0.803172565597918
0.0718662699027808 -0.52589907258857 1.82694304485611
-1.06592326015658 -1.33373211236618 -1.06592326015658
-0.602449453164424 -1.08925451071057 1.04315826331845
-1.16309325938144 0.556125593618691 -1.08925451071057
0.716053469857883 0.353173553382211 0.803172565597918
-0.682707536255614 1.55564863623809 -0.69928330238322
-0.466825122852589 -1.40018364100018 0.767627813676615
0.223795197980058 1.33373211236618 0.17716982099174
1.11319427716093 -0.270912496727231 1.4734675779471
-0.098072152488661 -0.367103701103235 1.55564863623809
-1.41779713799627 -1.21606980092334 0.367103701103235
0.0130557264833225 0.466825122852589 -0.682707536255614
1.06592326015658 0.0718662699027808 1.21606980092334
-0.21710694721013 0.69928330238322 -0.437900610091551
0.17716982099174 0.716053469857883 0.682707536255614
-0.466825122852589 -1.06592326015658 1.76167041036307
-1.18916435019934 -1.70314109674736 -0.230493474834266
-0.626099012346421 -0.821329983567442 1.13778963674178
0.353173553382211 -0.163923119357422 2.7938580633154
-0.339311606538817 0.586869036451862 -0.098072152488661
-0.183804702837738 -0.896863672688789 1.90107899321434
-0.402250065321725 -0.150705121089585 0.270912496727231
-0.977897543940542 -0.767627813676615 0.311779199119846
-0.124345571190717 0.437900610091552 -1.24388560873505
-1.04315826331845 0.150705121089585 -1.4734675779471
0.284481164364782 0.298102412930487 1.33373211236618
0.0130557264833225 1.3026088543654 -0.150705121089585
0.318639363964375 1.08925451071057 -0.0195842852301269
-0.821329983567442 -0.803172565597918 -0.40933795321765
-0.137513402144336 -0.481433639172327 -0.0457096570208487
-0.867959203476943 -1.55564863623809 0.339311606538817
0.0326441859066235 -0.556125593618691 2.4175590162365
-1.41779713799627 -1.82694304485611 -0.452315561884771
-0.548522282698098 0.999178284710436 -0.896863672688789
-0.750215375467941 0.230493474834266 -1.11319427716093
-0.257393526100938 -0.785276166247623 1.08925451071057
-0.906666217392729 -0.496145631381141 -0.353173553382211
0.223795197980058 0.803172565597918 -0.124345571190717
0.318639363964375 0.203759213971983 -0.00652772415722972
0.0849619174528148 -0.243921436426416 1.16309325938144
0.563761191385725 0.481433639172327 1.3026088543654
-0.69928330238322 0.52589907258857 -1.55564863623809
0.481433639172327 -0.977897543940542 2.09177851300416
-0.230493474834266 -0.339311606538817 1.02092142672184
-0.52589907258857 -0.111199266426257 -0.52589907258857
-1.90107899321434 -0.466825122852589 -0.381105454763556
1.15034938037601 2.7938580633154 -0.311779199119846
0.634059999000465 -0.618177510061932 1.64992472340875
0.877512498261509 0.4235760842012 0.916556667533113
-0.839762315347653 -0.716053469857883 0.0195842852301269
-1.00999016924958 -2.22558985026376 0.00652772415722958
-0.183804702837738 -0.0195842852301269 0.602449453164424
-0.284481164364782 0.916556667533113 -0.916556667533113
1.76167041036307 1.9874278859299 1.11319427716093
0.666317263573194 1.16309325938144 0.556125593618691
-0.0718662699027807 -0.936611696302063 1.18916435019934
-0.496145631381141 0.395182328539931 -0.977897543940542
-0.867959203476943 0.284481164364782 -0.785276166247623
0.481433639172327 0.0195842852301269 1.51328085613116
-0.658189039784203 0.634059999000465 -1.60100866488608
0.117769874579095 0.0457096570208485 0.496145631381141
-1.67593972277344 0.190447686041401 -1.64992472340875
0.0457096570208485 0.111199266426257 0.0457096570208485
-1.10114550837385 -1.3662038163721 0.858484474141832
-1.3026088543654 -1.27269864119054 0.45231556188477
0.767627813676615 0.40933795321765 1.60100866488608
0.69928330238322 2.09177851300416 -0.163923119357422
-0.0326441859066233 -0.257393526100938 0.40933795321765
1.3026088543654 0.540950550832432 1.40018364100018
-0.803172565597918 -0.750215375467941 0.230493474834266
0.381105454763556 0.124345571190717 -0.481433639172327
-0.163923119357422 0.650104070647995 -0.634059999000465
0.298102412930487 1.64992472340875 -0.367103701103235
1.9874278859299 2.4175590162365 -0.395182328539931
-1.21606980092334 -1.90107899321434 0.21710694721013
-0.785276166247623 -1.3026088543654 -0.257393526100938
-0.150705121089585 0.510965806738247 -0.936611696302063
-0.270912496727231 1.06592326015658 -0.203759213971983
2.4175590162365 0.767627813676615 1.27269864119054
-1.57792285663278 -1.43586181258748 0.284481164364782
1.43586181258748 -0.0587829360689431 0.957050697514264
1.64992472340875 -0.0718662699027807 1.43586181258748
-0.750215375467941 -0.124345571190717 -1.3026088543654
2.22558985026376 1.24388560873505 0.936611696302063
-0.402250065321725 -0.00652772415722972 -0.137513402144336
0.650104070647995 0.858484474141832 0.353173553382211
0.163923119357422 -0.602449453164424 1.70314109674736
0.682707536255614 0.839762315347653 0.877512498261509
0.137513402144336 1.60100866488608 -1.04315826331845
-0.325514557605512 1.51328085613116 -0.325514557605512
0.190447686041401 -0.510965806738247 -1.27269864119054
0.563761191385725 -0.999178284710436 0.111199266426257
0.540950550832432 0.325514557605512 0.750215375467941
1.60100866488608 0.0587829360689431 1.9874278859299
1.21606980092334 -0.098072152488661 0.634059999000465
-1.4734675779471 -0.957050697514264 -1.51328085613116
-0.548522282698098 0.45231556188477 -1.43586181258748
-2.22558985026376 -0.0849619174528149 0.257393526100938
-0.0718662699027807 -2.09177851300416 -1.33373211236618
0.203759213971983 1.04315826331845 -0.877512498261509
1.18916435019934 0.618177510061932 0.821329983567442
0.741594043861516 -0.284481164364782 -1.02092142672184
0.936611696302063 0.0849619174528148 -0.510965806738247
-0.586869036451862 -0.634059999000465 -0.339311606538817
-0.0718662699027807 0.243921436426415 0.481433639172327
0.402250065321725 1.76167041036307 0.150705121089585
0.821329983567442 1.27269864119054 -1.13778963674178
0.52589907258857 0.896863672688789 -2.4175590162365
-1.9874278859299 -2.7938580633154 0.0718662699027808
1.08925451071057 -0.137513402144336 0.650104070647995
1.02092142672184 0.602449453164424 -0.496145631381141
-1.34979006260654 1.21606980092334 -0.716053469857883
-0.00652772415722972 0.381105454763556 0.395182328539931
0.098072152488661 1.43586181258748 0.124345571190717
0.602449453164424 -1.04315826331845 0.896863672688789
0.257393526100938 -0.381105454763556 0.203759213971983
-0.906666217392729 -1.60100866488608 0.571429800393284
0.741594043861516 0.311779199119846 -1.40018364100018
0.957050697514264 0.270912496727231 0.716053469857883
-0.360129891789569 0.877512498261509 -0.466825122852589
1.4734675779471 1.70314109674736 1.24388560873505
-2.7938580633154 0.733027483993604 -2.7938580633154
0.367103701103235 1.4734675779471 -1.90107899321434
0.481433639172327 0.257393526100938 -1.18916435019934
-0.510965806738247 0.21710694721013 0.298102412930487
1.3662038163721 -0.0391760855030976 0.190447686041401
1.40018364100018 1.13778963674178 0.618177510061932
-0.716053469857883 0.367103701103235 -0.821329983567442
-1.10114550837385 0.957050697514264 -2.09177851300416
-0.311779199119846 -0.877512498261509 0.137513402144336
0.977897543940542 -0.325514557605512 0.4235760842012
0.896863672688789 1.90107899321434 -0.999178284710436
1.51328085613116 0.137513402144336 0.785276166247623
1.24388560873505 0.00652772415722958 -0.17716982099174
1.82694304485611 2.22558985026376 0.381105454763556
-1.00999016924958 -1.16309325938144 -0.618177510061932
-0.750215375467941 0.339311606538817 -0.243921436426416
-0.381105454763556 -0.395182328539931 -0.284481164364782
0.117769874579095 -0.571429800393284 -1.76167041036307
-1.34979006260654 -1.76167041036307 0.0587829360689431
-1.2581615610631 -0.21710694721013 -1.16309325938144
0.803172565597918 0.821329983567442 -0.556125593618691
0.402250065321725 -1.51328085613116 -0.190447686041401
-2.4175590162365 -0.353173553382211 -0.540950550832432
-1.2581615610631 -0.586869036451862 -0.571429800393284
2.09177851300416 0.936611696302063 0.163923119357422
-1.76167041036307 -0.69928330238322 -1.21606980092334
0.481433639172327 -0.858484474141832 0.666317263573194
-1.13778963674178 0.785276166247623 -0.4235760842012
1.90107899321434 1.3662038163721 0.69928330238322
0.999178284710436 -0.17716982099174 -0.0587829360689431
-2.09177851300416 -1.4734675779471 -0.650104070647995
-0.203759213971983 0.682707536255614 -0.270912496727231
1.33373211236618 -0.230493474834266 0.999178284710436
0.0587829360689431 -1.18916435019934 -0.957050697514264
-1.67593972277344 -1.13778963674178 -1.82694304485611
1.70314109674736 0.977897543940542 0.733027483993604
0.437900610091552 -0.0391760855030976 -0.839762315347653
0.481433639172327 -0.4235760842012 0.0326441859066235
-0.466825122852589 1.82694304485611 -0.0326441859066233
-0.0326441859066233 0.17716982099174 0.540950550832432
0.916556667533113 -0.839762315347653 -0.733027483993604
0.150705121089585 -1.64992472340875 -0.602449453164424
0.243921436426415 -0.650104070647995 0.510965806738247
-0.957050697514264 -1.11319427716093 0.586869036451862
0.4235760842012 -1.9874278859299 -0.666317263573194
0.618177510061932 0.750215375467941 -0.298102412930487
-0.626099012346421 -0.40933795321765 -0.21710694721013
-0.658189039784203 -0.311779199119846 0.098072152488661
0.339311606538817 -1.24388560873505 0.839762315347653
1.55564863623809 -0.540950550832432 2.22558985026376
0.270912496727231 -0.452315561884771 0.325514557605512
1.27269864119054 -0.666317263573194 0.52589907258857
0.586869036451862 1.02092142672184 -0.858484474141832
0.785276166247623 -1.02092142672184 -0.767627813676615
-0.437900610091551 -0.682707536255614 0.977897543940542
-1.51328085613116 0.571429800393284 -1.3662038163721
-1.57792285663278 -2.4175590162365 -1.70314109674736
0.849086191691716 -0.190447686041401 0.466825122852589
-1.82694304485611 -0.733027483993604 -1.9874278859299
1.04315826331845 -0.203759213971983 -0.0849619174528149
1.15034938037601 1.18916435019934 -0.0718662699027807
0.849086191691716 0.666317263573194 0.437900610091552
