1.3662038163721
0.243921436426415
-0.111199266426257
-0.750215375467941
-0.586869036451862
-2.22558985026376
0.0849619174528148
1.06592326015658
-0.803172565597918
1.82694304485611
-1.06592326015658
1.04315826331845
-1.08925451071057
0.803172565597918
-0.69928330238322
0.767627813676615
0.17716982099174
1.4734675779471
1.55564863623809
0.367103701103235
-0.682707536255614
1.21606980092334
-0.437900610091551
0.682707536255614
1.76167041036307
-0.230493474834266
1.13778963674178
2.7938580633154
-0.098072152488661
1.90107899321434
0.270912496727231
0.311779199119846
-1.24388560873505
-1.4734675779471
1.33373211236618
-0.150705121089585
-0.0195842852301269
-0.40933795321765
-0.0457096570208487
0.339311606538817
2.4175590162365
-0.452315561884771
-0.896863672688789
-1.11319427716093
1.08925451071057
-0.353173553382211
-0.124345571190717
-0.00652772415722972
1.16309325938144
1.3026088543654
-1.55564863623809
2.09177851300416
1.02092142672184
-0.52589907258857
-0.381105454763556
-0.311779199119846
1.64992472340875
0.916556667533113
0.0195842852301269
0.00652772415722958
0.602449453164424
-0.916556667533113
1.11319427716093
0.556125593618691
1.18916435019934
-0.977897543940542
-0.785276166247623
1.51328085613116
-1.60100866488608
0.496145631381141
-1.64992472340875
0.0457096570208485
0.858484474141832
0.45231556188477
1.60100866488608
-0.163923119357422
0.40933795321765
1.40018364100018
0.230493474834266
-0.481433639172327
-0.634059999000465
-0.367103701103235
-0.395182328539931
0.21710694721013
-0.257393526100938
-0.936611696302063
-0.203759213971983
1.27269864119054
0.284481164364782
0.957050697514264
1.43586181258748
-1.3026088543654
0.936611696302063
-0.137513402144336
0.353173553382211
1.70314109674736
0.877512498261509
-1.04315826331845
-0.325514557605512
-1.27269864119054
0.111199266426257
0.750215375467941
1.9874278859299
0.634059999000465
-1.51328085613116
-1.43586181258748
0.257393526100938
-1.33373211236618
-0.877512498261509
0.821329983567442
-1.02092142672184
-0.510965806738247
-0.339311606538817
0.481433639172327
0.150705121089585
-1.13778963674178
-2.4175590162365
0.0718662699027808
0.650104070647995
-0.496145631381141
-0.716053469857883
0.395182328539931
0.124345571190717
0.896863672688789
0.203759213971983
0.571429800393284
-1.40018364100018
0.716053469857883
-0.466825122852589
1.24388560873505
-2.7938580633154
-1.90107899321434
-1.18916435019934
0.298102412930487
0.190447686041401
0.618177510061932
-0.821329983567442
-2.09177851300416
0.137513402144336
0.4235760842012
-0.999178284710436
0.785276166247623
-0.17716982099174
0.381105454763556
-0.618177510061932
-0.243921436426416
-0.284481164364782
-1.76167041036307
0.0587829360689431
-1.16309325938144
-0.556125593618691
-0.190447686041401
-0.540950550832432
-0.571429800393284
0.163923119357422
-1.21606980092334
0.666317263573194
-0.4235760842012
0.69928330238322
-0.0587829360689431
-0.650104070647995
-0.270912496727231
0.999178284710436
-0.957050697514264
-1.82694304485611
0.733027483993604
-0.839762315347653
0.0326441859066235
-0.0326441859066233
0.540950550832432
-0.733027483993604
-0.602449453164424
0.510965806738247
0.586869036451862
-0.666317263573194
-0.298102412930487
-0.21710694721013
0.098072152488661
0.839762315347653
2.22558985026376
0.325514557605512
0.52589907258857
-0.858484474141832
-0.767627813676615
0.977897543940542
-1.3662038163721
-1.70314109674736
0.466825122852589
-1.9874278859299
-0.0849619174528149
-0.0718662699027807
0.437900610091552
