34
37
95
68
35
32
22
90
94
86
57
65
40
87
39
54
94
94
59
80
90
26
33
76
24
79
30
38
76
41
53
33
91
38
25
95
47
51
25
70
41
41
88
79
58
79
63
58
79
44
45
65
23
91
71
94
74
70
34
47
89
53
30
27
47
81
27
31
49
89
66
31
64
90
22
69
87
42
22
84
43
75
63
44
48
38
93
86
72
24
47
63
63
59
54
58
68
86
61
36
75
25
22
32
95
33
46
59
44
81
31
22
89
47
61
23
22
59
87
79
27
52
85
85
23
45
71
60
48
48
57
50
56
41
44
33
63
72
69
69
60
55
78
33
57
54
62
93
74
42
45
22
56
33
83
65
51
38
75
44
74
56
27
27
43
88
22
66
31
23
49
66
59
74
38
82
80
34
32
88
48
24
49
85
24
84
46
32
32
69
22
86
