id	z4	tam	mr
3TX	2.1	136.63	0.024134673
23TX	1.77	110.38	0.014308285
41TX	1.46	145.73	0.011294447
54TX	2.19	169.76	0.006079783
76TX	1.67	194.25	0.00701069
94TX	1.1	167.92	0.002365497
109TX	1.89	172.98	0.013401386
130TX	5.66	239.61	0.021808397
5TX	1.61	269.02	0.005477837
24TX	2.39	130.79	0.029198859
42TX	1.02	87.51	0.004482356
56TX	1.42	94.49	0.021781342
80TX	0.95	198.57	0.004280535
95TX	3.27	186.36	0.019699298
110TX	1.31	272.94	0.006383404
131TX	1.58	85.66	0.019359836
8TX	2.63	254.94	0.014181938
26TX	3.81	147.76	0.024604624
43TX	2.13	141.08	0.024844933
57TX	0.82	90.19	0.014994559
81TX	2.25	193.45	0.006497102
96TX	3.78	169.43	0.022721183
111TX	1.95	209.09	0.008744375
132TX	2.59	212.25	0.018103973
10TX	1.58	96.47	0.029195953
28TX	0.94	75.56	0.010628339
44TX	1.4	112.47	0.022219418
58TX	2.84	157.88	0.03877769
82TX	1.71	201.03	0.011477311
97TX	1.97	110.43	0.029314346
112TX	1.63	159.86	0.014490903
134TX	1.07	114.64	0.014956809
11TX	2.09	191.66	0.003928042
30TX	1.03	170.41	0.003389382
45TX	2.74	182.58	0.023511544
59TX	2.25	253.62	0.011054079
84TX	2.8	238.71	0.012537758
100TX	1.18	113.68	0.00898583
113TX	2.07	131.88	0.012404435
135TX	1.13	79.83	0.014966004
12TX	2.31	125.05	0.036558513
31TX	0.82	68.84	0.008416654
47TX	1.5	235.61	0.005028743
60TX	1.25	176.9	0.004200972
85TX	1.85	113.9	0.021830381
101TX	1.12	131.21	0.009431837
119TX	2.63	218.82	0.011232146
137TX	2.8	175.1	0.012580039
13TX	2.42	148.88	0.022229609
33TX	3	193.53	0.023101462
48TX	1.3	194.94	0.003153994
62TX	2.96	108.64	0.029366877
86TX	1.9	142.39	0.021570657
102TX	1.51	161.59	0.007759048
120TX	0.41	134.22	0.009071985
138TX	3.82	398.41	0.009523671
14TX	3.15	123.84	0.025374627
34TX	3.44	191.35	0.020919709
49TX	1.15	117.55	0.012697955
64TX	1.04	57.07	0.012684527
87TX	1.97	163.1	0.017277742
103TX	1.78	228.52	0.00500169
123TX	4.74	334.71	0.022014824
140TX	3.2	242.77	0.016631879
15TX	2.17	109.29	0.022589361
36TX	1.57	187.81	0.004666634
50TX	1.13	181.55	0.006011509
66TX	2.96	166.9	0.024706837
88TX	1.39	202.12	0.003152542
104TX	2.45	168.53	0.016219902
124TX	0.46	174.34	0.00312714
141TX	NA	NA	NA
18TX	1	85.88	0.020158469
38TX	0.85	89.36	0.015955
51TX	3.31	188.48	0.025298074
70TX	3.25	360.41	0.011009539
91TX	2.19	148.85	0.015367311
105TX	3.98	195.42	0.024187383
126TX	1.23	114.96	0.014304517
143TX	2.88	170.21	0.008081134
20TX	2.05	203.18	0.006854438
39TX	2.79	294.09	0.009103681
52TX	5.06	378.51	0.009021602
71TX	0.93	65.63	0.014237259
92TX	1.24	88.68	0.010286956
107TX	2.06	194.79	0.004947593
127TX	1.82	237.29	0.010798421
144TX	5.5	217.31	0.023017106
21TX	0.51	81.68	0.014719654
40TX	4.21	162.77	0.021238824
53TX	4.52	162.66	0.024248684
72TX	1.25	161.1	0.003844649
93TX	5.28	246.09	0.02114176
108TX	1.63	165.7	0.011093158
128TX	3.17	224.15	0.014976265
149TX	2.58	124.07	0.028372707
150TX	3.23	223.17	0.020428305
167TX	2.46	273.31	0.004483603
180TX	1.75	272.68	0.009522706
195TX	2.6	131.04	0.003915127
214TX	3	105.75	0.013469324
236TX	2.99	184.29	0.019204327
255TX	4.42	169.11	0.029326122
269TX	3.88	161.98	0.017529737
151TX	0.81	108.74	0.003351202
168TX	1.5	192.76	0.003393905
181TX	0.35	162.51	0.014486298
196TX	2.17	57.77	0.003511576
216TX	2.62	236.07	0.005104047
238TX	3.85	202.03	0.02006943
256TX	3.3	147.05	0.004589827
270TX	3.6	169.48	0.007877703
152TX	1.44	122.37	0.009463632
169TX	2.17	177.19	0.016186292
182TX	2.9	313.13	0.013976487
197TX	3.36	247.83	0.004050591
218TX	2.97	224.6	0.002274348
239TX	0.39	41.4	0.01313599
257TX	3.8	160.09	0.017676635
271TX	3.72	201.78	0.007883087
153TX	0.84	244.71	0.006369398
170TX	2.21	187.21	0.015348954
183TX	2.43	269.17	0.013845528
198TX	3.13	103.87	0.020472854
220TX	2.7	141.06	0.014223929
241TX	1.12	77.82	0.016894881
258TX	3.3	182.62	0.003500384
272TX	3.62	177.84	0.01865905
155TX	1.67	224.37	0.008313166
171TX	4.34	296.02	0.022767412
184TX	0.12	214.21	0.00225555
200TX	2.86	272.06	0.00278389
223TX	2.96	177.78	0.004021927
242TX	1.56	175.35	0.014950338
259TX	4.1	162.83	0.01419408
273TX	4.17	240.75	0.017515353
158TX	1.26	186.74	0.005349599
172TX	1	235.52	0.00239188
186TX	1.76	110.69	0.013866605
201TX	3.64	143.59	0.01545785
225TX	3.52	330.15	0.00465412
243TX	4.38	170.22	0.019571501
260TX	3.89	165.8	0.010978827
274TX	4.94	361.27	0.015038536
160TX	1.04	90.84	0.006912456
174TX	1.25	185.54	0.01032716
187TX	1.64	139.44	0.009618847
203TX	2.45	124.96	0.002993038
226TX	0.84	72.82	0.013105428
245TX	0.86	151.67	0.004046812
261TX	3.35	219.98	0.007202004
276TX	2.9	80.64	0.010849109
161TX	0.22	141.69	0.007381046
175TX	0.86	124.88	0.00712396
189TX	5.07	234.28	0.014039293
204TX	0.45	119.49	0.003987763
227TX	2.96	111.58	0.017734602
247TX	0.97	218.75	0.008898441
264TX	4.97	259.78	0.018534105
277TX	3.68	157.54	0.01232923
163TX	0.38	81.35	0.006747078
176TX	1.96	208.02	0.009634827
190TX	4.03	149.49	0.021506018
206TX	2.38	90.82	0.004758509
228TX	0.46	91.42	0.002942809
250TX	4.56	235.59	0.018937383
265TX	2.95	162.83	0.005228326
279TX	2.96	137.94	0.012786387
164TX	1.58	327.16	0.012453747
177TX	2.19	173.08	0.016574132
191TX	3.57	111.78	0.006184606
207TX	2.57	76.21	0.00700618
229TX	2.67	122.02	0.016277334
251TX	1.09	91.57	0.017132689
266TX	2.92	58.84	0.006515325
280TX	3.14	214.96	0.009604785
165TX	1.4	138.77	0.010663123
178TX	1.39	144.66	0.013443771
193TX	2.81	89.43	0.020111988
211TX	4.41	128.75	0.030743135
230TX	2.71	134.28	0.014957842
252TX	3.96	121.41	0.016571894
267TX	3.03	235.62	0.00522358
281TX	3.33	105.25	0.006032566
166TX	1.6	120.55	0.021336422
179TX	0.69	200.59	0.00351031
194TX	0.51	48.85	0.003092751
213TX	3.41	153.06	0.016112833
231TX	0.43	115.11	0.002743568
253TX	3.75	152.51	0.012035482
268TX	3.82	243.22	0.012085531
282TX	3.41	205.88	0.015923384
