1.63226821549951 7.10465116660105 0.0344054412110042
1.46988597627446 6.79934638752229 0.0204962062311079
1.29865831556452 7.19702006028422 0.016203111364602
1.67355642399014 7.41582625747291 0.00874471664886833
1.41683974191283 7.60917873814198 0.0100789984669696
1.0703893278914 7.40019634202658 0.00340866079027562
1.53106949272595 7.44277765930152 0.0192057071070567
2.73552217729654 7.91055279343005 0.0311246966542049
1.38404980679516 8.07692245939234 0.00788128174014874
1.76128527336162 7.04209709503919 0.0415217627712588
1.01435529297707 6.46776855726253 0.00645222297129321
1.27500704749987 6.57727775258235 0.0310864970942944
0.963474123974886 7.64075105622083 0.00616232697796156
2.09423606984577 7.54966917072649 0.0281437745072715
1.20789285164133 8.09771612974375 0.0091800364272999
1.36737106564853 6.43729433149714 0.0276634155610021
1.85996954822103 7.9996618287188 0.02031648617281
2.26603689399532 7.21684284283726 0.0350673077452627
1.64616265715789 7.15055967657538 0.0354056352761704
0.863938450423971 6.51080372035832 0.0214719936914791
1.70043971814109 7.60325542454685 0.00934301832358691
2.25701061820602 7.41303549858812 0.0324128872834506
1.56071495447448 7.71486368308623 0.0125606287127399
1.84398384404833 7.73640193131829 0.0258849029380156
1.36737106564853 6.60688633927592 0.0415176892361291
0.956056652412403 6.2585189247113 0.0152525402055875
1.26303440583379 6.82616710780042 0.0317049020330572
1.94110631094643 7.31179371775365 0.0548869344620372
1.43829285157915 7.65842572848259 0.0164639583787372
1.57046293102604 6.79999388766371 0.0416836393353316
1.39506279951758 7.32966181492899 0.0207559284207133
1.0496307677246 6.85349670370232 0.0214183355214773
1.62760683812965 7.5899132606722 0.00565586573275551
1.02147972741045 7.42130746800909 0.00488157650466662
1.90303827011291 7.52026508364357 0.0335273743472838
1.70043971814109 7.99220193488821 0.0158601658052554
1.92599941855622 7.90514628503411 0.0179757077638542
1.1243281350022 6.8414699994658 0.0129059136590598
1.61823865559545 7.05398016818765 0.0177857325320881
1.09085343045111 6.33681894254764 0.0214314055562746
1.72683121703249 6.97785230797118 0.0518015578677415
0.863938450423971 6.12598165385472 0.0120918496129477
1.32192809488736 7.88636723828563 0.00723676189235118
1.16992500144231 7.4749227003798 0.00604802655229363
1.51096191927738 6.84423498775875 0.0311557356109144
1.08406426478847 7.04668749222387 0.0135434943819144
1.85996954822103 7.78017884352394 0.0161142311055419
1.92599941855622 7.46025109894385 0.0180359497795267
1.77399632511117 7.22766407255439 0.031719284886303
2 7.60384885148344 0.0329492256949095
1.20163386116965 7.6142681351642 0.00454309082236916
1.98550043030488 6.77663042305105 0.0417572653172103
1.53605290024021 7.16380060395775 0.0307889916171026
1.32768736417605 7.3450947178269 0.0111507362489086
0.495695162624069 7.07916474203731 0.0130290968408293
2.26903314645524 8.64172664366278 0.0136747389348047
2.05311133645956 6.96393645214449 0.0361511036532174
2.15055967657538 7.58759001940925 0.0298694088382503
1.10433665981474 6.88935185259465 0.0182039433380778
1.02856915219677 5.85972112892796 0.0181848136090697
1.57046293102604 7.35843142862635 0.0247136244274368
1.47508488294878 7.84247606299394 0.00719792742666083
2.52105073690096 8.3910717018937 0.0314161222600579
2.0703893278914 7.92937677875854 0.0237973758695928
1.66448284036468 6.78515817739998 0.0322269214441787
1.36176835941915 7.56079136638313 0.00671686930545109
1.09085343045111 7.51214785854752 0.00864680999656974
1.98550043030488 7.39145842004967 0.0352112216316027
1.25701061820602 7.66618848987278 0.00454100261385087
1.78659636189081 7.4053967847972 0.0232126237607059
0.545968369105292 7.45401134285304 0.0045044699810783
1.74596376044019 7.41709830521417 0.0187631076352488
1 6.44095219802964 0.0287932744346935
0.887525270741587 6.49761236561836 0.0228365018004256
2.10768786931437 7.56590176680667 0.0360433900883345
2.08746284125034 8.49749261504424 0.0157966093112267
1.67355642399014 7.22737527362621 0.022001719427437
2.31614574229336 7.61779802590278 0.0344796916985182
1.15704371014558 6.85748342828667 0.0204908468299361
1.9560566524124 7.41962315862288 0.0116117568030607
1.60880924267552 7.67369774691144 0.00985512648781158
1.92219784839637 8.20501122137197 0.0130744126800698
2.59931779369823 8.56799409059421 0.012957061227884
0.948600847493356 6.05809998849341 0.0203951793073405
1.16349873228288 6.4867143730307 0.0147651258473046
1.61353165291793 7.61316327075907 0.00712026827943163
1.49569516262407 7.89657459890625 0.0154953157177943
2.70043971814109 7.77023440631497 0.0328302687734078
0.594548549550354 6.36946648365072 0.0210811957356876
2.38128337250378 7.35552729269285 0.0303202902211412
2.46466826700344 7.35455794681454 0.0345660391810224
1.16992500144231 7.34074028063018 0.00553602082386362
2.6507645591169 7.94889281419155 0.0301831622513087
1.39506279951758 7.38111029409905 0.0159159274021148
2.06004738366994 7.81474266745448 0.0214459906940304
1.83995958748953 6.96659196775482 0.0403632266822436
2.08065766334523 7.80844940927769 0.0291748225916084
1.790772037862 8.09966340651956 0.0064540139829406
1.4594316186373 8.09634619899317 0.013673359867211
1.84799690655495 7.04483123344781 0.00563730610943315
2 6.73809225962049 0.019302421530173
1.99638874644762 7.53364121177828 0.0274433076363944
2.43829285157915 7.41032414280632 0.0417001445746542
2.28688114778816 7.34855112557377 0.0250709574355364
0.855989697308481 6.77794567069515 0.00482667942717992
1.32192809488736 7.5981269599196 0.00488807975762109
0.432959407276106 7.35323506102858 0.0207493796919647
1.66448284036468 5.87700799321402 0.00505725899397087
1.85598969730848 7.88916929844198 0.00734485495759565
2.27798474729977 7.66554910759626 0.0286673511259392
2.10433665981474 7.20994068029019 0.00660657071469356
2.20163386116965 7.41345868800798 0.0113205912390891
1.28688114778816 6.94684780538748 0.0135889355546086
1.66448284036468 7.47727256504522 0.0231649079246964
1.96347412397489 8.29521791940726 0.0200241982171891
2.1243281350022 7.95901662316149 0.00583196405559579
1.98913900736823 7.81762325751143 0.00327746494409852
0.475084882948783 5.40599235967584 0.0188278354726176
2.26303440583379 7.33172312827488 0.0252792203610068
2.23878685958712 7.66377155748241 0.01132829797705
0.879705766282288 7.94081276402681 0.00915995806822575
1.68257329734758 7.55619947335199 0.0219756364602368
1.77820857639809 8.07772367474877 0.0198378565178438
2.04614178164472 6.7124582171534 0.0292378051825129
1.88752527074159 7.15035658020834 0.0203762180129276
1.08406426478847 6.30048984436311 0.0241705518618867
2.10433665981474 7.52057939628989 0.00504116876310087
2.20789285164133 7.48252564076792 0.0266712554453953
1.41683974191283 7.81615167453174 0.0119437865228483
2.41683974191283 8.21441626871103 0.0324780984503276
0.16349873228288 7.74960130584408 0.003250406448831
1.94860084749336 8.09307418191462 0.00401072417659099
1.98550043030488 7.4820415419856 0.00579077688702077
1.35614381022528 7.46229776553889 0.0214091373868498
2.35049724708413 7.3560557524207 0.0203337583186364
2.37016428054021 7.91737207947684 0.0250505630712342
1.17632277264046 7.55259225418735 0.0076972696030634
1 7.88581837198992 0.00344663308927068
1.46466826700344 6.80335621179794 0.0198678486285414
2.21412480535285 7.17582396717241 0.0221303569575424
2.17632277264046 8.37134104800584 0.00669889916732787
2.4276061727819 7.41970742081027 0.0279629529131289
2.28983446517751 7.3819754785573 0.0157527830945735
2.57046293102604 8.50092152925832 0.0215345004555111
1.02856915219677 6.52105073690096 0.00993825654735811
1.16992500144231 7.5433412122875 0.0148225362266264
1.40053792958373 7.13381009110603 0.0138107471086601
1.78659636189081 6.97682185236069 0.00431159191446702
0.879705766282288 6.20593983247088 0.0187843148482227
0.895302621333307 7.25427278692363 0.00582653409532451
2.12101540096137 7.78777199284617 0.0103530586600216
1.96347412397489 6.35120427725799 0.0155676600064625
0.286881147788162 7.15674042118313 0.0106094918769999
0.895302621333307 6.9759052735237 0.0102412657388759
2.60169651648096 7.87823487911234 0.020113556402328
0.53605290024021 6.91276960553228 0.00574168525800425
1.98550043030488 6.81480674309309 0.0253613941271114
0.978195629681652 7.7797193551434 0.0127809553759519
2.57773093149008 8.02668941897855 0.0264942888856292
2.22650852980868 7.30870307128211 0.0176785600357982
0.464668267003444 6.36369674483899 0.00970128498689324
1.56559717585423 7.70749718241742 0.0138335815519503
2.3305584000308 7.23352381343923 0.0306977034477251
1.75702324650746 6.52073652693764 0.00684879520220409
0.545968369105292 6.53013318439181 0.00423934121977779
2.47508488294878 7.88624528604204 0.0270653959482053
1.98185265328974 7.3560557524207 0.00752323013537533
1.98550043030488 7.11831819221838 0.0183299185483439
1.36737106564853 8.35825558670513 0.0178560013326417
1.67355642399014 7.44360665147561 0.0237154251866832
2.19219416528334 6.81736743783865 0.00889502256615695
1.83592407425437 6.27071580787426 0.0100725371957348
1.87578006306849 6.94274907082889 0.0232941558387257
1.06350294230616 6.53247281684287 0.0245078967719628
1.97085365434048 5.90303827011291 0.00936913861115032
2.0496307677246 7.75462031167453 0.0137906530711857
1.26303440583379 7.12691092605489 0.0153021943057021
1.25701061820602 7.18646094003548 0.0192660458350604
1.9297909977186 6.49872955858156 0.0287275401022895
2.43562859405209 7.01959072835788 0.0436848525580782
1.89141918684608 7.07980475463526 0.0214198038629925
2.31034012061215 6.93557761023262 0.0237122490729558
2.01077983875324 7.88642821054188 0.0075164187009476
2.114367024952 6.73131903102506 0.00867700697868829
1.37851162325373 6.92540608314137 0.0304581594633966
0.75702324650746 7.65528026458363 0.00505543893218238
0.594548549550354 5.63952159951083 0.00445501095618442
2.1407786557828 7.26734852020245 0.0230606133021666
0.516015147003665 6.85934841976571 0.00395271215664656
2.24792751344359 7.26218882895647 0.017259871858383
2.26903314645524 7.93203754210378 0.0173312168458147
2.1407786557828 7.69265037003553 0.0227916051700213
