1	3TX	-0.0103061808225419 -0.160582157865193 0.0149470145213016
2	23TX	-0.172770690321677 -0.47104384877634 0.00113840935029884
3	41TX	-0.345588909663766 -0.173070471439325 -0.00120917587759836
4	54TX	0.0300496312285442 0.0921479322402733 -0.00957323887337401
5	76TX	-0.225762077833922 0.342226443064899 -0.00934588495310182
6	94TX	-0.572130221581276 0.138400958781821 -0.0161168524386894
7	109TX	-0.111175822499803 0.198171982164505 -0.00065523881822012
8	130TX	1.09141206919172 0.549057114760377 0.0135446930638486
9	5TX	-0.260169995008433 0.70855089827957 -0.0095645487716828
10	24TX	0.117284858955564 -0.312522701187386 0.0238075861023778
11	42TX	-0.628849842112911 -0.837001091251588 -0.0122347085168922
12	56TX	-0.368417474987649 -0.741243660817963 0.0126679117631585
13	80TX	-0.679264812895328 0.365203908089876 -0.0130948400939539
14	95TX	0.450208232015022 0.19333040388914 0.0104631411080217
15	110TX	-0.434818661804191 0.823887952223571 -0.0101106739142468
16	131TX	-0.275751799167375 -0.862318405184655 0.00887585426392318
17	8TX	0.215749746417436 0.631290267606029 0.00287065566097846
18	26TX	0.621817092191727 -0.15152871827551 0.0176214772334312
19	43TX	0.00290267521852434 -0.157647913160287 0.0167857903272474
20	57TX	-0.779897423433931 -0.833502252203609 0.00355655740481098
21	81TX	0.0563296100362653 0.241759745877177 -0.00823698526676937
22	96TX	0.614655609281498 0.161553939008008 0.0126861144366985
23	111TX	-0.0818320184228878 0.451349329230697 -0.00693134124659389
24	132TX	0.200257663889197 0.398971841199458 0.00783529357282274
25	10TX	-0.274929096426608 -0.641157279082644 0.0217238298501146
26	28TX	-0.687751798020807 -1.08406807723985 -0.00269643935071181
27	44TX	-0.379430296789501 -0.432190334222789 0.0121123022648299
28	58TX	0.298422220925601 0.0396845108442454 0.0355626808508593
29	82TX	-0.205433328579983 0.320995638363758 -0.00158565098645566
30	97TX	-0.0723034292688656 -0.477272231078017 0.0224600155330473
31	112TX	-0.248032641873632 0.0317680488579693 0.0019348238540032
32	134TX	-0.592916205172768 -0.410017650153212 0.00192636556214351
33	11TX	-0.0165306933998668 0.226698611391753 -0.0118905945879696
34	30TX	-0.621204362610379 0.149198261099685 -0.0144426771065112
35	45TX	0.26071068461308 0.270502494674232 0.0137670582309005
36	59TX	0.0561924929128042 0.622111403164665 -0.00155212143694496
37	84TX	0.283068517713161 0.617566342627736 -0.00104665642064301
38	100TX	-0.518712459539628 -0.452985825383672 -0.00598227744691267
39	113TX	-0.02408892990438 -0.195782420781688 -0.00197458358429516
40	135TX	-0.55270820915987 -0.990297323906545 0.00318053657329463
41	12TX	0.0840648567375844 -0.299413810770548 0.0325779340654572
42	31TX	-0.778827909870935 -1.15128446488701 -0.00713177418933662
43	47TX	-0.32212716636808 0.528309500837506 -0.0104103282372675
44	60TX	-0.4738834489909 0.132335698428645 -0.0119009530040057
45	85TX	-0.132270639237293 -0.462253631366143 0.0125023473923602
46	101TX	-0.55974418564474 -0.295899509727285 -0.00440548517438491
47	119TX	0.216599872582895 0.465095371345175 -0.00237144076485636
48	137TX	0.282766860041546 0.153762479818957 -0.000617438439027482
49	13TX	0.13018787467796 -0.114922929396765 0.0137703053300037
50	33TX	0.357151369431018 0.321425820909389 0.0138262317015187
51	48TX	-0.441242192824025 0.330126133979375 -0.0145463599013904
52	62TX	0.342075907817361 -0.541890990349263 0.0233386799860744
53	86TX	-0.106219838410236 -0.082524043790039 0.010961588961457
54	102TX	-0.316450167353467 -0.0181199314535478 -0.0063957240718165
55	120TX	-1.1478939004116 -0.249670495027649 -0.00518822887251948
56	138TX	0.624813344651646 1.27335508255001 -0.00377109157702684
57	14TX	0.409440003149811 -0.370055696752793 0.0180344077487622
58	34TX	0.5069980369644 0.260473752955065 0.0116185398552703
59	49TX	-0.53823773650732 -0.375881471871657 -0.00125448335162481
60	64TX	-0.614361748646289 -1.42785881347841 -0.000837550575427511
61	87TX	-0.0736197536540923 -0.00134527943254878 0.00710007756744934
62	103TX	-0.168010558442432 0.54458229692292 -0.0116231771400493
63	123TX	0.878586034277669 1.13271425987049 0.0118235224918306
64	140TX	0.428006895542185 0.676176248567653 0.0041041462924719
65	15TX	0.0215519395216211 -0.502421765006394 0.0132045572596815
66	36TX	-0.282094937863445 0.214766423210427 -0.0111650237115858
67	50TX	-0.551529001898105 0.258947328356634 -0.0110464195805512
68	66TX	0.343008304256897 0.131382007415686 0.0156521651330065
69	88TX	-0.385975129486424 0.375170606244857 -0.014414275031384
70	104TX	0.142513677210678 0.0456200767383015 0.00559907690071843
71	124TX	-1.09748357680692 0.133770958841952 -0.0138805720804264
72	141TX	0.103471634392207 0.157021892580186 -0.000795948863347361
73	18TX	-0.643397099062827 -0.875850244759899 0.0103411458339264
74	38TX	-0.756584837363238 -0.863883313051313 0.00525649821006932
75	51TX	0.465442554088617 0.321296089669656 0.0161824441630577
76	70TX	0.443928625064052 1.17209531920083 -0.00248780294138445
77	91TX	0.029528586159392 -0.12896349321114 0.00432108602818717
78	105TX	0.673351958573762 0.338812936550278 0.0152896111658651
79	126TX	-0.485201605080173 -0.387122248850344 0.00062990090465928
80	143TX	0.312111084855729 0.0684413036178531 -0.00616950640508269
81	20TX	-0.03401196446877 0.392993686948163 -0.00930141077521037
82	39TX	0.278499091661929 0.869300101863913 -0.00500873995475425
83	52TX	0.955948118060095 1.25291061841545 -0.00552861064251426
84	71TX	-0.694247783075626 -1.22432304208064 0.00127218531394974
85	92TX	-0.479459591984871 -0.802584539986449 -0.00422369506756142
86	107TX	-0.029152437102899 0.341054063849666 -0.0122039853317462
87	127TX	-0.148497215754831 0.529922008404254 -0.00198405806366843
88	144TX	1.05643930373503 0.415614610088395 0.0151160921045268
89	21TX	-1.04906793691001 -0.961087724025014 0.00289741329197
90	40TX	0.738983210428642 0.107483674334287 0.0105264308351267
91	53TX	0.821737366160381 0.0669780044081661 0.0155436749965252
92	72TX	-0.473444674195825 0.0256568084514153 -0.0129496510465346
93	93TX	1.00739488347877 0.633809342012785 0.0116974903809104
94	108TX	-0.248197182421786 0.0729027043633827 -0.0027039175468082
95	128TX	0.416924518854035 0.515129930772685 0.00265842939695148
96	149TX	0.196727028974857 -0.339896651370073 0.0217098384636894
97	150TX	0.437150870583634 0.484771084045064 0.0108568670693661
98	167TX	0.146771623455944 0.745043610292985 -0.0112601626859404
99	180TX	-0.18388321015145 0.784700668035955 -0.00487939854244963
100	195TX	0.205367663383505 -0.223840032240046 -0.0137540340410071
101	214TX	0.356301243265559 -0.597618859887567 0.00121926889534895
102	236TX	0.35406116094779 0.283878622808942 0.00768299152001113
103	255TX	0.796047536353397 0.165718465669305 0.0218391986493774
104	269TX	0.644361598315484 0.0867557423290114 0.00554544420657142
105	151TX	-0.788257527919805 -0.592144861028395 -0.0125856078150204
106	168TX	-0.320618878010008 0.334612606064068 -0.0146038902017127
107	181TX	-1.20994407014226 0.0673740892329804 0.00169347223783631
108	196TX	0.0212228584253144 -1.43119959652165 -0.0135625859549521
109	216TX	0.213141066739498 0.606746267867929 -0.0117781390357951
110	238TX	0.634121450017175 0.319524164423557 0.0107854581089023
111	256TX	0.461844533766757 -0.0501357323437939 -0.0129524857839026
112	270TX	0.559388545943897 0.168853010870965 -0.00854035468618772
113	152TX	-0.357201536891972 -0.412928902671418 -0.00402461130537886
114	169TX	0.0215519395216211 0.189692622638845 0.00414254374019919
115	182TX	0.32015929518614 0.983572388450045 0.00147143980752847
116	197TX	0.482055396351754 0.712691975413701 -0.0139954386000498
117	218TX	0.346893692142477 0.573017580374416 -0.0165834809811783
118	239TX	-1.16817509899058 -1.90221523005983 0.000207990523694603
119	257TX	0.619006568003042 -0.0246156385624701 0.00759858696175697
120	271TX	0.59497840915391 0.321184555531255 -0.00662068157924931
121	153TX	-0.762676666066927 0.687612233835924 -0.0105332715088951
122	170TX	0.0395052793810599 0.260024677891744 0.00312098862389551
123	183TX	0.134235585416726 0.724822849132968 0.0020901365793316
124	198TX	0.402168790663357 -0.640442608462401 0.0114900852440007
125	220TX	0.245252532091144 -0.0959680675394483 0.000548815357281967
126	241TX	-0.558811789205205 -0.983652156821716 0.00508110113812712
127	258TX	0.460747596779068 0.191744159224931 -0.0131761569502479
128	272TX	0.564605446277272 0.172599080421479 0.00808495376610349
129	155TX	-0.226118582354921 0.526852761514592 -0.00704503439201772
130	171TX	0.773881417645079 0.925117355693882 0.0134892775354616
131	184TX	-1.4797064028071 0.444831657329962 -0.0154365250393544
132	200TX	0.305587676376224 0.800337327675922 -0.0149110101990127
133	223TX	0.342322718639591 0.178990864082256 -0.0129296978707958
134	242TX	-0.286622550069626 0.185031646797162 0.00218551358456548
135	259TX	0.707648616515148 0.0736327218466494 0.00121076432524564
136	273TX	0.727617307642842 0.653857725621307 0.00555859311190041
137	158TX	-0.467046902997675 0.237508782008586 -0.0107884022673349
138	172TX	-0.643616486460365 0.555264164314186 -0.0147371493544469
139	186TX	-0.178865949182848 -0.522041084045471 0.00158343637593025
140	201TX	0.570590589166562 -0.149573328671001 0.00384594470493125
141	225TX	0.533035367276402 1.0614144876594 -0.0118874025119639
142	243TX	0.784455884541303 0.118375713517701 0.00920893488568117
143	260TX	0.646053438168992 0.0411074472169198 -0.00222973973135699
144	274TX	0.927915958128672 1.23740717540279 0.00204253049617721
145	160TX	-0.614635982893211 -0.783718911613159 -0.00874867494082725
146	174TX	-0.473197863373595 0.243728475605705 -0.00396502507045252
147	187TX	-0.242804322629712 -0.17955441046196 -0.00470846803136934
148	203TX	0.142403983511909 -0.389830738141306 -0.0131677818669957
149	226TX	-0.763965567027461 -1.1280523164264 0.00066761894376747
150	245TX	-0.747491162386291 -0.0247123024288726 -0.0133635464373286
151	261TX	0.478139346967696 0.503629991661345 -0.00873639206373798
152	276TX	0.321228808749137 -0.893401399879015 -0.00429328591881432
153	161TX	-1.35629656387713 -0.146310256720213 -0.00811098288081665
154	175TX	-0.747244351564061 -0.287609080331833 -0.00925070422045789
155	189TX	0.957778372348981 0.528771994718088 0.00229874992455343
156	204TX	-1.10737162224731 -0.405751807868033 -0.0126769000731316
157	227TX	0.342459835763052 -0.479649081756382 0.00647320302113893
158	247TX	-0.664488460339177 0.507610148233995 -0.00654329823522597
159	264TX	0.934032174755639 0.690978299470493 0.00841113625080515
160	277TX	0.583659899239698 0.0262800407080594 -0.00144443395759256
161	163TX	-1.1790030663063 -0.970295404058293 -0.00841541091756199
162	176TX	-0.077580535811059 0.404446504514076 -0.00488689320586625
163	190TX	0.688175967681585 -0.0196767167516566 0.0110044738706042
164	206TX	0.114640814158246 -0.732464003253247 -0.0128444343749168
165	228TX	-1.096852838039 -0.750570875571467 -0.0149171960432442
166	250TX	0.83102962169334 0.528187548593915 0.00941830581858665
167	265TX	0.339607338063987 0.111450075283686 -0.0123377157899015
168	279TX	0.342048484392669 -0.201922191792707 -5.51235131608071e-05
169	164TX	-0.275121060399453 1.09817917407115 -0.00170305516595446
170	177TX	0.0312836853396943 0.197282003727822 0.00388802253103756
171	191TX	0.549208417590897 -0.473650445789273 -0.0100602550790779
172	207TX	0.192472128342159 -1.04952457613683 -0.00831250486576991
173	229TX	0.232520081129124 -0.365458518906776 0.0046743108898027
174	251TX	-0.580168391003589 -0.801519332054413 0.00639120086750757
175	266TX	0.328169564319651 -1.36907093679649 -0.00995511500002755
176	280TX	0.405740047017313 0.406876397891052 -0.00405769667622006
177	165TX	-0.380801468024113 -0.217395046507039 -0.00261324198096602
178	178TX	-0.38556377811604 -0.0787723844308271 -0.000192380854642208
179	193TX	0.287271448245924 -0.763065824663199 0.00920202687332452
180	211TX	0.79157333279665 -0.338467009090244 0.0260377624284595
181	230TX	0.248460862578329 -0.209494158381888 0.00243098294812648
182	252TX	0.668039958537012 -0.312466008125943 0.00391838968694135
183	267TX	0.367794091060797 0.595410326913957 -0.0114388589442872
184	281TX	0.470394033970637 -0.621581794590741 -0.00907071295982391
185	166TX	-0.263788538821408 -0.322637535217193 0.0106643000773822
186	179TX	-0.886922321049211 0.304098409578603 -0.012725824275961
187	194TX	-1.04835492786801 -1.64633937228477 -0.014600896497944
188	213TX	0.498259106310124 0.00555313695769187 0.00353510007320163
189	231TX	-1.12650440246901 -0.402446963479058 -0.0155728010723184
190	253TX	0.604393297257302 -0.063208466886941 -0.00102454039422815
191	268TX	0.626787831229486 0.687431864966765 -0.00252972907946212
192	282TX	0.496778241376744 0.338030573808954 0.00507742850114028
