-0.0103061808225415 -0.160582157865198 0.0149470145213016
-0.172770690321677 -0.47104384877634 0.00113840935029884
-0.345588909663766 -0.173070471439325 -0.00120917587759836
0.0300496312285442 0.0921479322402733 -0.00957323887337401
-0.225762077833922 0.342226443064899 -0.00934588495310182
-0.572130221581276 0.138400958781822 -0.0161168524386894
-0.111175822499803 0.198171982164505 -0.000655238818220121
1.09141206919172 0.549057114760377 0.0135446930638486
-0.260169995008433 0.70855089827957 -0.0095645487716828
0.117284858955564 -0.312522701187386 0.0238075861023778
-0.628849842112911 -0.837001091251588 -0.0122347085168922
-0.368417474987649 -0.741243660817963 0.0126679117631585
-0.679264812895327 0.365203908089876 -0.0130948400939539
0.450208232015022 0.19333040388914 0.0104631411080217
-0.434818661804191 0.823887952223571 -0.0101106739142468
-0.275751799167375 -0.862318405184655 0.00887585426392318
0.215749746417436 0.631290267606029 0.00287065566097846
0.621817092191727 -0.15152871827551 0.0176214772334312
0.00290267521852434 -0.157647913160287 0.0167857903272474
-0.779897423433931 -0.833502252203609 0.00355655740481098
0.0563296100362654 0.241759745877177 -0.00823698526676937
0.614655609281498 0.161553939008008 0.0126861144366985
-0.0818320184228878 0.451349329230697 -0.00693134124659389
0.200257663889197 0.398971841199458 0.00783529357282274
-0.274929096426608 -0.641157279082644 0.0217238298501146
-0.687751798020807 -1.08406807723985 -0.00269643935071181
-0.379430296789501 -0.432190334222789 0.0121123022648299
0.298422220925601 0.0396845108442455 0.0355626808508593
-0.205433328579983 0.320995638363758 -0.00158565098645566
-0.0723034292688656 -0.477272231078018 0.0224600155330473
-0.248032641873632 0.0317680488579693 0.0019348238540032
-0.592916205172768 -0.410017650153212 0.00192636556214351
-0.0165306933998668 0.226698611391753 -0.0118905945879696
-0.621204362610379 0.149198261099685 -0.0144426771065112
0.26071068461308 0.270502494674232 0.0137670582309005
0.0561924929128042 0.622111403164665 -0.00155212143694496
0.283068517713161 0.617566342627736 -0.00104665642064301
-0.518712459539628 -0.452985825383672 -0.00598227744691267
-0.0240889299043801 -0.195782420781688 -0.00197458358429517
-0.55270820915987 -0.990297323906545 0.00318053657329463
0.0840648567375843 -0.299413810770548 0.0325779340654572
-0.778827909870935 -1.15128446488701 -0.00713177418933662
-0.32212716636808 0.528309500837506 -0.0104103282372675
-0.4738834489909 0.132335698428645 -0.0119009530040057
-0.132270639237293 -0.462253631366143 0.0125023473923602
-0.55974418564474 -0.295899509727285 -0.00440548517438491
0.216599872582895 0.465095371345175 -0.00237144076485636
0.282766860041546 0.153762479818958 -0.000617438439027482
0.13018787467796 -0.114922929396765 0.0137703053300037
0.357151369431018 0.321425820909389 0.0138262317015187
-0.441242192824025 0.330126133979375 -0.0145463599013904
0.342075907817361 -0.541890990349263 0.0233386799860744
-0.106219838410236 -0.0825240437900389 0.010961588961457
-0.316450167353467 -0.0181199314535477 -0.00639572407181649
-1.1478939004116 -0.249670495027649 -0.00518822887251948
0.624813344651646 1.27335508255001 -0.00377109157702684
0.409440003149811 -0.370055696752793 0.0180344077487622
0.5069980369644 0.260473752955065 0.0116185398552703
-0.53823773650732 -0.375881471871657 -0.00125448335162481
-0.614361748646289 -1.42785881347841 -0.000837550575427511
-0.0736197536540923 -0.00134527943254875 0.00710007756744934
-0.168010558442432 0.54458229692292 -0.0116231771400493
0.878586034277669 1.13271425987049 0.0118235224918306
0.428006895542185 0.676176248567654 0.0041041462924719
0.0215519395216211 -0.502421765006394 0.0132045572596815
-0.282094937863445 0.214766423210427 -0.0111650237115858
-0.551529001898104 0.258947328356634 -0.0110464195805512
0.343008304256897 0.131382007415686 0.0156521651330065
-0.385975129486424 0.375170606244857 -0.014414275031384
0.142513677210678 0.0456200767383015 0.00559907690071844
-1.09748357680692 0.133770958841952 -0.0138805720804264
0.103471634392207 0.157021892580186 -0.000795948863347361
-0.643397099062827 -0.875850244759899 0.0103411458339264
-0.756584837363238 -0.863883313051313 0.00525649821006932
0.465442554088617 0.321296089669656 0.0161824441630577
0.443928625064052 1.17209531920083 -0.00248780294138445
0.029528586159392 -0.12896349321114 0.00432108602818717
0.673351958573762 0.338812936550278 0.0152896111658651
-0.485201605080173 -0.387122248850344 0.000629900904659279
0.312111084855729 0.0684413036178531 -0.00616950640508269
-0.03401196446877 0.392993686948163 -0.00930141077521037
0.278499091661929 0.869300101863913 -0.00500873995475425
0.955948118060095 1.25291061841545 -0.00552861064251426
-0.694247783075626 -1.22432304208064 0.00127218531394974
-0.479459591984871 -0.802584539986449 -0.00422369506756142
-0.029152437102899 0.341054063849666 -0.0122039853317462
-0.148497215754831 0.529922008404254 -0.00198405806366843
1.05643930373503 0.415614610088395 0.0151160921045268
-1.04906793691001 -0.961087724025014 0.00289741329197
0.738983210428642 0.107483674334287 0.0105264308351267
0.821737366160381 0.0669780044081662 0.0155436749965252
-0.473444674195825 0.0256568084514154 -0.0129496510465346
1.00739488347877 0.633809342012785 0.0116974903809104
-0.248197182421786 0.0729027043633828 -0.0027039175468082
0.416924518854035 0.515129930772685 0.00265842939695148
0.196727028974857 -0.339896651370073 0.0217098384636894
0.437150870583634 0.484771084045054 0.0108568670693661
0.146771623455944 0.745043610292985 -0.0112601626859404
-0.18388321015145 0.784700668035955 -0.00487939854244963
0.205367663383505 -0.223840032240046 -0.0137540340410071
0.356301243265559 -0.597618859887567 0.00121926889534895
0.35406116094779 0.283878622808942 0.00768299152001113
0.796047536353397 0.165718465669306 0.0218391986493774
0.644361598315484 0.0867557423290115 0.00554544420657142
-0.788257527919805 -0.592144861028395 -0.0125856078150204
-0.320618878010008 0.334612606064068 -0.0146038902017127
-1.20994407014226 0.0673740892329804 0.00169347223783631
0.0212228584253144 -1.43119959652165 -0.0135625859549521
0.213141066739498 0.606746267867929 -0.0117781390357951
0.634121450017176 0.319524164423557 0.0107854581089023
0.461844533766757 -0.0501357323437938 -0.0129524857839026
0.559388545943897 0.168853010870966 -0.00854035468618772
-0.357201536891972 -0.412928902671418 -0.00402461130537886
0.0215519395216211 0.189692622638846 0.00414254374019919
0.32015929518614 0.983572388450045 0.00147143980752847
0.482055396351754 0.712691975413701 -0.0139954386000498
0.346893692142477 0.573017580374416 -0.0165834809811783
-1.16817509899058 -1.90221523005983 0.000207990523694603
0.619006568003042 -0.0246156385624701 0.00759858696175697
0.59497840915391 0.321184555531255 -0.00662068157924931
-0.762676666066926 0.687612233835924 -0.0105332715088951
0.0395052793810599 0.260024677891744 0.00312098862389551
0.134235585416726 0.724822849132968 0.0020901365793316
0.402168790663356 -0.640442608462401 0.0114900852440007
0.245252532091144 -0.0959680675394482 0.000548815357281965
-0.558811789205205 -0.983652156821715 0.00508110113812712
0.460747596779068 0.191744159224931 -0.0131761569502479
0.564605446277272 0.172599080421479 0.00808495376610349
-0.226118582354921 0.526852761514592 -0.00704503439201772
0.773881417645079 0.925117355693882 0.0134892775354616
-1.4797064028071 0.444831657329962 -0.0154365250393544
0.305587676376224 0.800337327675923 -0.0149110101990127
0.342322718639591 0.178990864082256 -0.0129296978707958
-0.286622550069626 0.185031646797162 0.00218551358456548
0.707648616515148 0.0736327218466495 0.00121076432524564
0.727617307642842 0.653857725621307 0.00555859311190041
-0.467046902997675 0.237508782008586 -0.0107884022673349
-0.643616486460365 0.555264164314186 -0.0147371493544469
-0.178865949182848 -0.522041084045471 0.00158343637593025
0.570590589166562 -0.149573328671001 0.00384594470493125
0.533035367276402 1.0614144876594 -0.0118874025119639
0.784455884541303 0.118375713517701 0.00920893488568117
0.646053438168992 0.0411074472169199 -0.00222973973135699
0.927915958128672 1.23740717540279 0.00204253049617731
-0.614635982893211 -0.783718911613159 -0.00874867494082725
-0.473197863373595 0.243728475605705 -0.00396502507045252
-0.242804322629712 -0.17955441046196 -0.00470846803136934
0.142403983511909 -0.389830738141306 -0.0131677818669957
-0.763965567027461 -1.1280523164264 0.000667618943767471
-0.747491162386291 -0.0247123024288725 -0.0133635464373286
0.478139346967696 0.503629991661345 -0.00873639206373798
0.321228808749137 -0.893401399879024 -0.00429328591881432
-1.35629656387713 -0.146310256720213 -0.00811098288081665
-0.747244351564061 -0.287609080331833 -0.00925070422045789
0.957778372348981 0.528771994718088 0.00229874992455343
-1.10737162224731 -0.405751807868033 -0.0126769000731316
0.342459835763052 -0.479649081756382 0.00647320302113893
-0.664488460339177 0.507610148233996 -0.00654329823522597
0.934032174755639 0.690978299470494 0.00841113625080516
0.583659899239698 0.0262800407080595 -0.00144443395759256
-1.1790030663063 -0.970295404058293 -0.00841541091756199
-0.077580535811059 0.404446504514076 -0.00488689320586625
0.688175967681586 -0.0196767167516566 0.0110044738706042
0.114640814158245 -0.732464003253247 -0.0128444343749168
-1.096852838039 -0.750570875571467 -0.0149171960432442
0.83102962169334 0.528187548593915 0.00941830581858665
0.339607338063987 0.111450075283686 -0.0123377157899015
0.342048484392669 -0.201922191792707 -5.51235131608064e-05
-0.275121060399453 1.09817917407115 -0.00170305516595446
0.0312836853396943 0.197282003727822 0.00388802253103756
0.549208417590897 -0.473650445789273 -0.0100602550790779
0.192472128342159 -1.04952457613683 -0.00831250486576991
0.232520081129124 -0.365458518906776 0.0046743108898027
-0.580168391003589 -0.801519332054413 0.00639120086750757
0.328169564319651 -1.36907093679649 -0.00995511500002755
0.405740047017313 0.406876397891052 -0.00405769667622006
-0.380801468024112 -0.217395046507039 -0.00261324198096602
-0.38556377811604 -0.078772384430827 -0.000192380854642209
0.287271448245924 -0.763065824663199 0.00920202687332452
0.79157333279665 -0.338467009090244 0.0260377624284596
0.248460862578329 -0.209494158381888 0.00243098294812648
0.668039958537012 -0.312466008125943 0.00391838968694135
0.367794091060797 0.595410326913957 -0.0114388589442872
0.470394033970637 -0.621581794590741 -0.00907071295982391
-0.263788538821408 -0.322637535217193 0.0106643000773821
-0.886922321049211 0.304098409578603 -0.012725824275961
-1.04835492786801 -1.64633937228477 -0.014600896497944
0.498259106310124 0.00555313695769195 0.00353510007320163
-1.12650440246901 -0.402446963479048 -0.0155728010723184
0.604393297257302 -0.063208466886941 -0.00102454039422815
0.626787831229486 0.687431864966766 -0.00252972907946212
0.496778241376744 0.338030573808954 0.00507742850114028
