CHR SNP UNADJ FDR_BH
22 kgp4109925 1.092e-05 0.004652
22 rs5751247 3.034e-05 0.004652
22 kgp5009187 3.923e-05 0.004652
22 kgp12372278 4.263e-05 0.004652
22 rs932376 5.688e-05 0.004652
22 kgp10833329 6.326e-05 0.004652
22 rs4453786 6.421e-05 0.004652
22 kgp3626759 7.461e-05 0.004652
22 kgp9467178 7.844e-05 0.004652
22 rs2011944 7.844e-05 0.004652
22 rs4467371 8.641e-05 0.004652
22 kgp276463 8.983e-05 0.004652
22 kgp5109906 1e-04 0.004652
22 rs5758651 0.000104 0.004652
22 kgp7142867 0.000104 0.004652
22 kgp2506118 0.000104 0.004652
22 kgp10741447 0.000104 0.004652
22 kgp8677086 0.000104 0.004652
22 kgp4354372 0.0001207 0.005115
22 kgp10756158 0.0001471 0.005922
3 rs6797429 0.0002022 0.00745
22 kgp75093 0.0002036 0.00745
22 kgp10581167 0.0002499 0.008748
22 kgp7814563 0.0002785 0.009342
22 rs7245 0.0003481 0.01029
22 rs2284087 0.0003481 0.01029
22 rs5758589 0.0003481 0.01029
22 rs1062753 0.0003726 0.01029
22 rs5751221 0.0003791 0.01029
22 kgp11849808 0.0003834 0.01029
22 rs8138080 0.0004331 0.01125
22 kgp10044496 0.000604 0.01473
22 kgp12156374 0.000604 0.01473
22 rs5751255 0.0006973 0.01651
12 rs4149025 0.0007493 0.01662
22 rs1052717 0.0008054 0.01662
22 rs133280 0.0008278 0.01662
22 kgp2200199 0.0008278 0.01662
22 kgp9081934 0.0008878 0.01662
22 kgp12016588 0.0008878 0.01662
22 kgp11007658 0.0008878 0.01662
22 kgp3385976 0.0008878 0.01662
22 rs1063392 0.0008878 0.01662
22 kgp9509994 0.001042 0.01799
22 kgp8833048 0.001049 0.01799
22 kgp2384489 0.001049 0.01799
22 kgp7721525 0.001073 0.01799
22 kgp2660985 0.001073 0.01799
22 rs133335 0.001137 0.01858
22 kgp5552913 0.001154 0.01858
22 kgp1071563 0.001235 0.0195
22 rs742086 0.001469 0.02214
22 kgp11017363 0.001485 0.02214
22 kgp137964 0.001485 0.02214
22 kgp7192805 0.001528 0.02237
22 rs5751191 0.001587 0.02281
22 kgp7689608 0.001712 0.02418
23 rs3761536 0.001903 0.02641
23 rs2040401 0.002056 0.02763
22 kgp6136748 0.002059 0.02763
22 kgp4808917 0.002625 0.03464
22 rs8140869 0.002907 0.03774
22 kgp7971656 0.003141 0.04014
