CHR SNP UNADJ FDR_BH
22 kgp10581167 2.153e-20 1.335e-17
22 rs8138080 3.318e-20 1.335e-17
22 kgp12372278 5.256e-19 9.347e-17
22 rs1062753 5.643e-19 9.347e-17
22 kgp5009187 6.121e-19 9.347e-17
22 kgp276463 6.967e-19 9.347e-17
22 rs4467371 1.365e-18 1.57e-16
22 kgp5109906 1.799e-18 1.81e-16
22 kgp7814563 2.489e-18 2.226e-16
22 kgp4109925 3.404e-18 2.54e-16
22 rs7245 4.102e-18 2.54e-16
22 rs2284087 4.102e-18 2.54e-16
22 rs5758589 4.102e-18 2.54e-16
22 rs5751247 6.923e-18 3.981e-16
22 kgp9467178 8.301e-18 4.176e-16
22 rs2011944 8.301e-18 4.176e-16
22 rs4453786 1.068e-17 5.059e-16
22 kgp3626759 1.394e-17 6.232e-16
22 kgp9509994 2.597e-17 1.1e-15
22 rs5751221 3.812e-17 1.534e-15
22 rs5758651 5.314e-17 1.711e-15
22 kgp7142867 5.314e-17 1.711e-15
22 kgp2506118 5.314e-17 1.711e-15
22 kgp10741447 5.314e-17 1.711e-15
22 kgp8677086 5.314e-17 1.711e-15
22 rs133335 5.54e-17 1.715e-15
22 kgp4354372 6.873e-17 2.049e-15
22 kgp9081934 9.004e-17 2.265e-15
22 kgp12016588 9.004e-17 2.265e-15
22 kgp11007658 9.004e-17 2.265e-15
22 kgp3385976 9.004e-17 2.265e-15
22 rs1063392 9.004e-17 2.265e-15
22 kgp10756158 4.047e-16 9.872e-15
22 rs932376 4.397e-16 1.041e-14
22 kgp75093 6.171e-16 1.419e-14
22 kgp11849808 6.645e-16 1.486e-14
22 kgp10833329 8.705e-16 1.894e-14
22 kgp11017363 1.177e-15 2.43e-14
22 kgp137964 1.177e-15 2.43e-14
22 kgp7971656 2.606e-15 5.245e-14
22 kgp1071563 6.552e-15 1.286e-13
22 kgp8833048 3.949e-14 7.393e-13
22 kgp2384489 3.949e-14 7.393e-13
22 kgp4808917 6.471e-14 1.184e-12
22 kgp5966902 1.194e-13 2.136e-12
22 rs8140869 1.996e-13 3.492e-12
22 rs5751191 2.773e-13 4.749e-12
22 kgp5552913 3.069e-13 5.146e-12
22 rs5751255 5.269e-13 8.656e-12
22 kgp10044496 6.3e-13 9.944e-12
22 kgp12156374 6.3e-13 9.944e-12
22 kgp6136748 8.189e-13 1.268e-11
22 rs5751239 2.071e-12 3.146e-11
22 kgp7721525 2.383e-12 3.488e-11
22 kgp2660985 2.383e-12 3.488e-11
22 rs5758511 2.764e-12 3.974e-11
22 kgp7689608 8.582e-12 1.212e-10
22 rs1052717 7.077e-11 9.822e-10
22 rs133280 8.991e-11 1.206e-09
22 kgp2200199 8.991e-11 1.206e-09
22 rs134871 1.635e-10 2.157e-09
22 rs742086 1.773e-10 2.302e-09
22 kgp9873491 2.519e-10 3.219e-09
22 kgp958789 8.834e-10 1.111e-08
22 rs6002673 1.695e-07 2.1e-06
22 kgp3184546 4.57e-07 5.573e-06
22 kgp11471870 2.899e-06 3.483e-05
22 kgp9121567 5.228e-06 6.189e-05
22 rs7285782 7.006e-06 8.173e-05
22 rs17365991 1.373e-05 0.0001579
22 kgp8169721 1.924e-05 0.0002181
22 kgp11073643 3.953e-05 0.000442
22 kgp4486229 5.026e-05 0.0005543
22 rs9607821 5.431e-05 0.0005908
22 kgp3940114 6.354e-05 0.000682
22 kgp7192805 8.688e-05 0.0009202
22 kgp8630858 0.0001249 0.001305
22 kgp10372676 0.0001712 0.001767
22 kgp282841 0.0001861 0.001897
22 kgp2765119 0.0002035 0.002048
8 rs1487173 0.002726 0.02709
8 rs1042381 0.002954 0.029
