CHR SNP UNADJ FDR_BH BP
22 rs8138080 3.318e-20 1.335e-17 42396371
22 rs1062753 5.643e-19 9.347e-17 42392811
22 rs4467371 1.365e-18 1.57e-16 42541328
22 rs7245 4.102e-18 2.54e-16 42481849
22 rs2284087 4.102e-18 2.54e-16 42485671
22 rs5758589 4.102e-18 2.54e-16 42518382
22 rs5751247 6.923e-18 3.981e-16 42633054
22 rs2011944 8.301e-18 4.176e-16 42569999
22 rs4453786 1.068e-17 5.059e-16 42563308
22 rs5751221 3.812e-17 1.534e-15 42516366
22 rs5758651 5.314e-17 1.711e-15 42609148
22 rs133335 5.54e-17 1.715e-15 42416056
22 rs1063392 9.004e-17 2.265e-15 42454950
22 rs932376 4.397e-16 1.041e-14 42614362
22 rs8140869 1.996e-13 3.492e-12 42344297
22 rs5751191 2.773e-13 4.749e-12 42370991
22 rs5751255 5.269e-13 8.656e-12 42648408
22 rs5751239 2.071e-12 3.146e-11 42592239
22 rs5758511 2.764e-12 3.974e-11 42336172
22 rs1052717 7.077e-11 9.822e-10 42281429
22 rs133280 8.991e-11 1.206e-09 42255525
22 rs134871 1.635e-10 2.157e-09 42652716
22 rs742086 1.773e-10 2.302e-09 42552253
22 rs6002673 1.695e-07 2.1e-06 42691296
22 rs7285782 7.006e-06 8.173e-05 42225018
22 rs17365991 1.373e-05 0.0001579 41790179
22 rs9607821 5.431e-05 0.0005908 41983938
8 rs1487173 0.002726 0.02709 122405332
8 rs1042381 0.002954 0.029 97614661
22 rs60133761 5.314e-17 1.711e-15 42668504
22 rs140061401 9.004e-17 2.265e-15 42395960
