0.0344054412110042
0.0204962062311079
0.016203111364602
0.00874471664886833
0.0100789984669696
0.00340866079027562
0.0192057071070567
0.0311246966542049
0.00788128174014874
0.0415217627712588
0.00645222297129321
0.0310864970942944
0.00616232697796156
0.0281437745072715
0.0091800364272999
0.0276634155610021
0.02031648617281
0.0350673077452627
0.0354056352761704
0.0214719936914791
0.00934301832358691
0.0324128872834506
0.0125606287127399
0.0258849029380156
0.0415176892361291
0.0152525402055875
0.0317049020330572
0.0548869344620372
0.0164639583787372
0.0416836393353316
0.0207559284207133
0.0214183355214773
0.00565586573275551
0.00488157650466662
0.0335273743472838
0.0158601658052554
0.0179757077638542
0.0129059136590598
0.0177857325320881
0.0214314055562746
0.0518015578677415
0.0120918496129477
0.00723676189235118
0.00604802655229363
0.0311557356109144
0.0135434943819144
0.0161142311055419
0.0180359497795267
0.031719284886303
0.0329492256949095
0.00454309082236916
0.0417572653172103
0.0307889916171026
0.0111507362489086
0.0130290968408293
0.0136747389348047
0.0361511036532174
0.0298694088382503
0.0182039433380778
0.0181848136090697
0.0247136244274368
0.00719792742666083
0.0314161222600579
0.0237973758695928
0.0322269214441787
0.00671686930545109
0.00864680999656974
0.0352112216316027
0.00454100261385087
0.0232126237607059
0.0045044699810783
0.0187631076352488
0.0287932744346935
0.0228365018004256
0.0360433900883345
0.0157966093112267
0.022001719427437
0.0344796916985182
0.0204908468299361
0.0116117568030607
0.00985512648781158
0.0130744126800698
0.012957061227884
0.0203951793073405
0.0147651258473046
0.00712026827943163
0.0154953157177943
0.0328302687734078
0.0210811957356876
0.0303202902211412
0.0345660391810224
0.00553602082386362
0.0301831622513087
0.0159159274021148
0.0214459906940304
0.0403632266822436
0.0291748225916084
0.0064540139829406
0.013673359867211
0.00563730610943315
0.019302421530173
0.0274433076363944
0.0417001445746542
0.0250709574355364
0.00482667942717992
0.00488807975762109
0.0207493796919647
0.00505725899397087
0.00734485495759565
0.0286673511259392
0.00660657071469356
0.0113205912390891
0.0135889355546086
0.0231649079246964
0.0200241982171891
0.00583196405559579
0.00327746494409852
0.0188278354726176
0.0252792203610068
0.01132829797705
0.00915995806822575
0.0219756364602368
0.0198378565178438
0.0292378051825129
0.0203762180129276
0.0241705518618867
0.00504116876310087
0.0266712554453953
0.0119437865228483
0.0324780984503276
0.003250406448831
0.00401072417659099
0.00579077688702077
0.0214091373868498
0.0203337583186364
0.0250505630712342
0.0076972696030634
0.00344663308927068
0.0198678486285414
0.0221303569575424
0.00669889916732787
0.0279629529131289
0.0157527830945735
0.0215345004555111
0.00993825654735811
0.0148225362266264
0.0138107471086601
0.00431159191446702
0.0187843148482227
0.00582653409532451
0.0103530586600216
0.0155676600064625
0.0106094918769999
0.0102412657388759
0.020113556402328
0.00574168525800425
0.0253613941271114
0.0127809553759519
0.0264942888856292
0.0176785600357982
0.00970128498689324
0.0138335815519503
0.0306977034477251
0.00684879520220409
0.00423934121977779
0.0270653959482053
0.00752323013537533
0.0183299185483439
0.0178560013326417
0.0237154251866832
0.00889502256615695
0.0100725371957348
0.0232941558387257
0.0245078967719628
0.00936913861115032
0.0137906530711857
0.0153021943057021
0.0192660458350604
0.0287275401022895
0.0436848525580782
0.0214198038629925
0.0237122490729558
0.0075164187009476
0.00867700697868829
0.0304581594633966
0.00505543893218238
0.00445501095618442
0.0230606133021666
0.00395271215664656
0.017259871858383
0.0173312168458147
0.0227916051700213
