GENE       CHR      START       STOP  NSNPS  NPARAM    N        ZSTAT            P          RSQ      RSQ_ADJ
55187        1   12290101   12572099      1       1  192       1.8896     0.029407     0.024721     0.019588
90529        1   24683489   24741587      1       1  192      0.10656      0.45757    0.0029078            0
23585        1   25664789   25688852      1       1  192      -1.2108      0.88702   0.00010651            0
8431         1   27237975   27240567      1       1  192      -1.2979      0.90285   7.8625e-05            0
199870       1   28052490   28089426      1       1  192    -0.042521      0.51696    0.0022137            0
1441         1   36931644   36948915      1       1  192     -0.69858      0.75759   0.00050257            0
3633         1   38326369   38412729      1       1  192      -1.6444      0.94995   2.0792e-05            0
23499        1   39549839   39952810      1       1  192    -0.067989       0.5271    0.0021084            0
54802        1   40306703   40349177      1       1  192        1.286     0.099225      0.01424    0.0090521
57643        1   45482071   45672250      1       1  192     -0.63169      0.73621   0.00059871            0
1580         1   47264670   47285021      3       2  192     -0.35396      0.63831    0.0047393            0
2882         1   53068043   53074723      1       1  192     -0.11008      0.54383    0.0019427            0
6512         1   53552855   53608304      1       1  192     -0.30187      0.61862    0.0013068            0
7268         1   55181495   55208330      1       1  192       1.0492      0.14705     0.011034    0.0058292
1600         1   57460453   58716211      1       1  192      -2.6104      0.99548   1.6947e-07            0
1573         1   60358980   60392445      1       1  192       0.4315      0.33305    0.0049323            0
5733         1   71318036   71513497      1       1  192      -1.3238      0.90721   7.1685e-05            0
127253       1   75198836   75232361      1       1  192     -0.38128       0.6485    0.0010959            0
24           1   94458393   94586705      6       6  192      0.78043      0.21757      0.04337     0.012344
1806         1   97543299   98386615      6       6  192      -1.1124      0.86701     0.013349            0
6566         1  113454469  113498975      1       1  192     -0.19345       0.5767     0.001643            0
55356        1  116519119  116612675      1       1  192      0.67833      0.24878    0.0069946    0.0017682
2330         1  146655884  146697390      2       2  192     -0.15273      0.56069    0.0061039            0
1942         1  155100349  155107386      1       1  192      -1.8016       0.9642   1.0632e-05            0
128239       1  156495197  156542396      1       1  192       1.1426      0.12661     0.012239    0.0070403
4259         1  165600110  165625373      1       1  192      0.44998      0.32636    0.0050704            0
92235        1  167063314  167098402      1       1  192     -0.96625      0.83304   0.00023447            0
9019         1  167691187  167761156      1       1  192      0.39147      0.34772    0.0046422            0
2153         1  169481192  169555769      2       2  192      0.55072      0.29091     0.012981    0.0025363
6401         1  169691781  169703220      1       1  192       1.2042      0.11426     0.013076     0.007882
2326         1  171217610  171255113      3       3  192      0.94881      0.17136     0.026208     0.010668
26092        1  179851177  179889212      1       1  192        -1.36      0.91309   6.2856e-05            0
127665       1  182023705  182030847      1       1  192      0.15965      0.43658    0.0031889            0
5743         1  186640944  186649559      1       1  192     0.090615       0.4639     0.002827            0
5317         1  201252580  201302121      1       1  192      0.93155      0.17579    0.0096256    0.0044131
3898         1  201349966  201368669      1       1  192      0.33695      0.36808     0.004266            0
89796        1  201508243  201796102      1       1  192      0.59658      0.27539    0.0062583     0.001028
23114        1  204797782  204991950      1       1  192     -0.69167      0.75543   0.00051188            0
148808       1  205538112  205572046      1       1  192      0.78937      0.21495    0.0080821    0.0028614
148811       1  205797150  205819276      1       1  192      0.68557      0.24649    0.0070624    0.0018364
9641         1  206643586  206670223      1       1  192     0.078535       0.4687    0.0027668            0
29949        1  206972215  207016326      1       1  192      0.33811      0.36764    0.0042738            0
1063         1  214776522  214837914      1       1  192       2.0365      0.02085     0.027782     0.022665
824          1  223889295  223963720      1       1  192      0.39023      0.34818    0.0046334            0
84033        1  228395740  228566577      1       1  192       1.6426     0.050237     0.020026     0.014868
128061       1  231359509  231376933      1       1  192      0.51939      0.30174     0.005612   0.00037834
7257         1  231664399  231702270      1       1  192      0.70039      0.24184    0.0072025    0.0019772
81470        1  247751662  247752615      1       1  192      -1.1401      0.87288   0.00013508            0
8648         2   24714919   24993571      1       1  192     -0.57705      0.71805   0.00068774            0
151056       2   28718938   28866654      1       1  192      0.53427      0.29658    0.0057329   0.00049993
7498         2   31557188   31637611      1       1  192      0.43055       0.3334    0.0049253            0
5610         2   37332281   37384190      1       1  192      0.30169      0.38144    0.0040343            0
1545         2   38294746   38303323      1       1  192      -1.6787      0.95339   1.8027e-05            0
6546         2   40339286   40739575      1       1  192      0.48997      0.31208    0.0053779   0.00014303
51626        2   44001178   44055095      1       1  192      0.21867      0.41345    0.0035233            0
64240        2   44039611   44066039      1       1  192      0.21867      0.41345    0.0035233            0
90411        2   47129009   47168994      1       1  192       1.6871     0.045796      0.02083     0.015677
23198        2   54091204   54197977      1       1  192      0.94438      0.17249    0.0097734    0.0045617
129852       2   54558006   54588714      1       1  192     0.077175      0.46924    0.0027601            0
64395        2   70056818   70106727      1       1  192     -0.02778      0.51108    0.0022763            0
8291         2   71680347   71913895      1       1  192     -0.31203      0.62249    0.0012782            0
56603        2   72356367   72374991      1       1  192     -0.17009      0.56753    0.0017232            0
9486         2  101008322  101034130      1       1  192     -0.37543      0.64633    0.0011105            0
130827       2  103378490  103450948      1       1  192     0.034035      0.48642    0.0025531            0
6819         2  108905095  108926371      1       1  192      -0.2558      0.60095    0.0014426            0
3553         2  113587337  113594356      1       1  192     -0.72087      0.76451   0.00047346            0
57628        2  115199899  116603328      1       1  192     -0.47069      0.68107   0.00089101            0
8886         2  118572255  118589953      1       1  192      -0.6322      0.73637   0.00059793            0
29994        2  160175490  160473059      1       1  192     -0.47027      0.68092   0.00089191            0
8647         2  169779336  169887833      2       2  192      0.50481      0.30684     0.012424    0.0019734
8604         2  172639915  172750816      1       1  192      0.31143      0.37774    0.0040974            0
91752        2  185463093  185804214      1       1  192      -0.1163      0.54629     0.001919            0
6775         2  191894302  192037404      1       1  192      0.52236      0.30071     0.005636   0.00040251
316          2  201450731  201536218      2       2  192     0.012395      0.49506    0.0074125            0
54576        2  234526291  234681946      3       3  192      0.25466      0.39949     0.015525            0
54575        2  234545123  234681951      3       3  192      0.25466      0.39949     0.015525            0
54600        2  234580544  234681951      3       3  192      0.25466      0.39949     0.015525            0
54577        2  234590584  234681945      3       3  192      0.25466      0.39949     0.015525            0
54578        2  234600321  234681951      1       1  192       1.1152      0.13239     0.011878    0.0066769
54579        2  234621638  234681945      1       1  192       1.1152      0.13239     0.011878    0.0066769
54657        2  234627438  234681945      1       1  192       1.1152      0.13239     0.011878    0.0066769
54659        2  234637773  234681945      1       1  192       1.1152      0.13239     0.011878    0.0066769
54658        2  234668919  234681945      1       1  192       1.1152      0.13239     0.011878    0.0066769
55355        2  234745486  234763212      1       1  192      0.71502       0.2373    0.0073427    0.0021182
51738        3   10327434   10334631      1       1  192      -0.8286      0.79634   0.00035145            0
5468         3   12329349   12475855      2       2  192  -0.00061187      0.50024    0.0073029            0
23225        3   13357730   13461819      1       1  192    -0.042364       0.5169    0.0022143            0
27303        3   29322351   30051886      1       1  192     -0.19707      0.57811    0.0016308            0
4292         3   37034841   37092337      1       1  192     -0.15504      0.56161    0.0017764            0
9389         3   38323785   38360064      1       1  192      -1.7418      0.95923   1.3791e-05            0
10869        3   49145479   49158371      1       1  192       0.9201      0.17876     0.009495    0.0042818
6405         3   50192562   50226508      1       1  192      0.54235      0.29379    0.0057993   0.00056666
2317         3   57994127   58157982      1       1  192     -0.25166      0.59935    0.0014553            0
5793         3   61547243   62280573      1       1  192     0.018509      0.49262    0.0024814            0
56987        3  107241783  107530176      1       1  192       -1.502      0.93345     3.68e-05            0
8856         3  119499331  119552295      1       1  192      0.81234       0.2083    0.0083199    0.0031005
8607         3  127799800  127872752      1       1  192     -0.56411      0.71366    0.0007103            0
6578         3  133651540  133748920      1       1  192     -0.60469      0.72731   0.00064148            0
9435         3  142838618  142842856      1       1  192     -0.37667      0.64679    0.0011074            0
84107        3  147103835  147124596      1       1  192     -0.26681      0.60519    0.0014092            0
57560        3  159974774  160118028      1       1  192     -0.45653      0.67599   0.00092132            0
57552        3  172348435  172429207      1       1  192      -1.5827      0.94325   2.6736e-05            0
55486        3  183543522  183602693      1       1  192      0.35743      0.36039    0.0044047            0
10057        3  183637722  183735803      1       1  192      0.65243      0.25706    0.0067555    0.0015279
132112       3  186915274  186919253      1       1  192       -0.874      0.80894   0.00030847            0
344905       3  192992831  193096514      1       1  192       3.5373   0.00020216     0.070287     0.065394
9079         4   16503164   16900424      1       1  192     -0.18021      0.57151    0.0016881            0
2555         4   46246470   46392056      1       1  192      0.50911      0.30534    0.0055294   0.00029538
7363         4   70345883   70391732      1       1  192        1.112      0.13307     0.011836    0.0066353
574537       4   70454135   70505360      2       1  192      -1.6202      0.94741   2.2959e-05            0
10941        4   70454135   70518967      3       2  192      -2.2893      0.98897   0.00011737            0
6783         4   70706930   70725870      1       1  192    -0.019121      0.50763    0.0023137            0
51170        4   88257691   88312455      1       1  192      -0.3217      0.62616    0.0012515            0
1758         4   88571454   88585513      1       1  192       0.7717      0.22015    0.0079022    0.0026806
9429         4   89011416   89152569      1       1  192      0.80632      0.21003    0.0082571    0.0030374
5910         4   99182527   99365012      1       1  192      -0.3671      0.64323    0.0011315            0
127          4  100044832  100065449      1       1  192      -1.2744      0.89874   8.5456e-05            0
131          4  100333418  100356667      1       1  192      0.22198      0.41216    0.0035428            0
4547         4  100485240  100545154      2       2  192       2.0142     0.021996     0.039586     0.029422
132320       4  129805148  130014764      1       1  192      0.48076      0.31534    0.0053059   7.0672e-05
4258         4  140586922  140661899      1       1  192       1.9466     0.025793     0.025885     0.020758
987          4  151185811  151936879      1       1  192     -0.45531      0.67556   0.00092394            0
56884        4  162305044  163085186      1       1  192      0.68392      0.24701    0.0070469    0.0018209
55247        4  178230991  178284092      1       1  192      -2.0862      0.98152    2.832e-06            0
55714        4  183065112  183724177      1       1  192     -0.10704      0.54262    0.0019543            0
441054       4  186347220  186370982      1       1  192       -1.029      0.84827   0.00019316            0
2160         4  187187099  187210835      2       2  192      0.23959      0.40532    0.0095108            0
348932       5    1225470    1246304      1       1  192      -2.8829      0.99803   3.2171e-08            0
651746       5   10564435   10657928      1       1  192       1.1546      0.12413       0.0124    0.0072017
5810         5   34905365   34915780      1       1  192     -0.43271      0.66739   0.00097405            0
730          5   40909599   40983041      1       1  192       1.3637     0.086336     0.015402      0.01022
345557       5   41307048   41510730      1       1  192     0.066084      0.47366    0.0027057            0
3157         5   43287572   43313614      1       1  192      0.16755      0.43347    0.0032323            0
375449       5   65892176   66465426      1       1  192       1.0528      0.14621      0.01108     0.005875
2150         5   76114833   76131140      1       1  192     -0.87403      0.80895   0.00030844            0
8622         5   76476082   76724081      1       1  192      0.40449      0.34293    0.0047352            0
133746       5   78531925   78623038      1       1  192      0.12672      0.44958    0.0030123            0
134526       5   80625731   80689988      1       1  192      -0.1972      0.57816    0.0016304            0
1946         5  106712590  107006596      1       1  192      -0.3402      0.63315    0.0012015            0
6583         5  131630145  131679899      2       2  192       1.0154      0.15497     0.019537    0.0091619
6584         5  131705396  131731306      3       3  192      0.76177       0.2231     0.022977    0.0073858
995          5  137620959  137674064      1       1  192     -0.47625      0.68305   0.00087934            0
56114        5  140709388  140892546      1       1  192       1.3269     0.092266     0.014846    0.0096607
56113        5  140718354  140892546      1       1  192       1.3269     0.092266     0.014846    0.0096607
56112        5  140723601  140892546      1       1  192       1.3269     0.092266     0.014846    0.0096607
56104        5  140729828  140892546      1       1  192       1.3269     0.092266     0.014846    0.0096607
56111        5  140734768  140892546      1       1  192       1.3269     0.092266     0.014846    0.0096607
56103        5  140739409  140892546      1       1  192       1.3269     0.092266     0.014846    0.0096607
56110        5  140743729  140892546      1       1  192       1.3269     0.092266     0.014846    0.0096607
56109        5  140749811  140892546      1       1  192       1.3269     0.092266     0.014846    0.0096607
56102        5  140749962  140892546      1       1  192       1.3269     0.092266     0.014846    0.0096607
2878         5  150399999  150408554      1       1  192      -1.0886      0.86183   0.00015985            0
26999        5  156693091  156822606      1       1  192     -0.63154      0.73616   0.00059895            0
3593         5  158741791  158757481      1       1  192     -0.70448      0.75943   0.00049473            0
7172         6   18128542   18155374      1       1  192       2.1835     0.014501     0.031044     0.025944
54901        6   20534688   21232635      1       1  192       1.3852     0.082989     0.015734     0.010554
10475        6   25962917   25987557      1       1  192      -1.4842      0.93113   3.9416e-05            0
3077         6   26087422   26096438      1       1  192     -0.39491      0.65354    0.0010626            0
8345         6   26251848   26261783      1       1  192      0.52855      0.29856    0.0056862   0.00045303
29777        6   26597171   26600278      1       1  192      -1.9043      0.97156   6.7059e-06            0
80317        6   28317691   28336954      1       1  192   -0.0098611      0.50393    0.0023542            0
89870        6   30130968   30140473      1       1  192      0.79371      0.21368    0.0081267    0.0029063
7726         6   30152232   30181271      2       2  192       0.2193      0.41321    0.0093088            0
56658        6   30294227   30311506      1       1  192      0.45005      0.32634    0.0050709            0
202658       6   30297088   30314635      1       1  192      0.45005      0.32634    0.0050709            0
28973        6   30585275   30594174      1       1  192     -0.99512      0.84016   0.00021464            0
8449         6   30620896   30640830      2       2  192      -0.0499       0.5199     0.006898            0
9656         6   30667584   30685458      1       1  192     -0.34021      0.63315    0.0012015            0
203068       6   30688012   30693199      1       1  192       1.0584      0.14494      0.01115    0.0059452
394263       6   30951485   30957675      1       1  192      0.23737      0.40619    0.0036342            0
29113        6   31079000   31080332      1       1  192      -1.0087      0.84344   0.00020581            0
170679       6   31082608   31107869      1       1  192      0.65369      0.25666     0.006767    0.0015395
100507436    6   31367561   31383090      1       1  192     -0.49585         0.69   0.00083915            0
401250       6   31496739   31498008      1       1  192      -1.1834      0.88167   0.00011692            0
4795         6   31514628   31526606      2       2  192      0.46783      0.31995     0.011987    0.0015315
7940         6   31553956   31556686      1       1  192     -0.86588      0.80672   0.00031582            0
7920         6   31654726   31671137      1       1  192      0.97928      0.16372     0.010183    0.0049731
4439         6   31707725   31730455      1       1  192      0.66785      0.25211    0.0068972    0.0016704
401251       6   31730773   31732627      1       1  192     -0.24335      0.59613     0.001481            0
4758         6   31826829   31830709      1       1  192      0.44092      0.32964    0.0050024            0
717          6   31865562   31913449      2       2  192     -0.21379      0.58465    0.0056638            0
629          6   31913721   31919861      1       1  192       1.4369     0.075377     0.016547     0.011371
1589         6   32006093   32009447      1       1  192     -0.95546      0.83033   0.00024227            0
7148         6   32008932   32077151      2       2  192      0.97406      0.16501     0.018885    0.0085032
63943        6   32096484   32098067      1       1  192    -0.076511      0.53049    0.0020741            0
9374         6   32121229   32131458      1       1  192      -1.3325      0.90866   6.9463e-05            0
5089         6   32152510   32157963      1       1  192      0.77227      0.21998    0.0079079    0.0026864
4855         6   32162620   32191844      2       2  192      0.03514      0.48598    0.0076067            0
6891         6   32789610   32806547      1       1  192     -0.25518      0.60071    0.0014445            0
5698         6   32821927   32827628      1       1  192      0.17535       0.4304    0.0032756            0
3109         6   32902406   32908847      1       1  192      0.87389      0.19109     0.008979    0.0037631
6046         6   32936437   32949282      1       1  192     -0.92798      0.82329   0.00026312            0
1302         6   33130469   33160245      1       1  192      0.98043      0.16344     0.010196    0.0049868
54887        6   34759794   34845291      1       1  192   -0.0099686      0.50398    0.0023537            0
55809        6   42192669   42419943      1       1  192     0.089673      0.46427    0.0028222            0
2030         6   44187242   44201888      1       1  192      0.22734      0.41008    0.0035745            0
51302        6   46517317   46620567      3       3  192      0.74533      0.22803     0.022705    0.0071103
2939         6   52614885   52628361      1       1  192       1.1227      0.13078     0.011976    0.0067759
2940         6   52761437   52774496      1       1  192      0.56772      0.28511    0.0060112   0.00077964
667          6   56322785   56819426      1       1  192      -1.7863      0.96297   1.1374e-05            0
154288       6   74072400   74073898      1       1  192      0.25181      0.40059    0.0037215            0
9896         6  110012424  110146634      1       1  192      0.68405      0.24697    0.0070481    0.0018221
6098         6  117609530  117747018      1       1  192      -3.2973      0.99951    1.975e-09            0
64577        6  135238528  135271260      1       1  192     -0.32707      0.62819    0.0012368            0
26230        6  155316488  155578857      1       1  192      -0.3209      0.62586    0.0012537            0
51106        6  155574495  155635631      1       1  192      -0.3209      0.62586    0.0012537            0
6580         6  160542821  160580147      1       1  192       0.8336      0.20225    0.0085439    0.0033257
6582         6  160637794  160679963      2       1  192       1.3368     0.090637     0.014995    0.0098104
6581         6  160769405  160873613      1       1  192     -0.64443      0.74035   0.00057935            0
5340         6  161123225  161175086      1       1  192     -0.77062      0.77953   0.00041341            0
84310        7    1036623    1177911      1       1  192      0.55102      0.29081    0.0058712   0.00063894
2852         7    1126443    1133451      1       1  192      0.55102      0.29081    0.0058712   0.00063894
340267       7    7398244    7575460      1       1  192       1.5846     0.056523     0.019007     0.013844
340273       7   20655245   20796637      4       4  192     -0.83605      0.79844    0.0087775            0
6671         7   21467689   21554440      1       1  192      -1.6372      0.94921   2.1415e-05            0
83637        7   44788168   44809480      1       1  192     -0.21899      0.58667    0.0015585            0
168507       7   47814250   47988071      1       1  192       1.1922      0.11659     0.012911    0.0077157
154664       7   48211057   48687091      1       1  192     -0.81725      0.79311   0.00036294            0
54677        7   86974951   87029112      1       1  192       2.1443     0.016005     0.030155      0.02505
5244         7   87031361   87105019      4       3  192     -0.68434      0.75312    0.0063433            0
5243         7   87133179   87342639      3       3  192     -0.79129      0.78561    0.0056321            0
154661       7   87257729   87461613      1       1  192    0.0065577      0.49738    0.0024272            0
55607        7   94536949   94925727      2       2  192      0.70796      0.23948     0.015011    0.0045876
5444         7   94927669   94953884      1       1  192      0.31253      0.37732    0.0041046            0
5446         7   94989181   95025702      1       1  192       0.9091      0.18165    0.0093705    0.0041567
5445         7   95034174   95064636      1       1  192       1.1871      0.11759     0.012841    0.0076455
140453       7  100663364  100702140      1       1  192     -0.59286      0.72336   0.00066095            0
10466        7  106842189  107204959      1       1  192       1.3496     0.088578     0.015187     0.010004
2845         7  107110502  107116125      1       1  192       1.3496     0.088578     0.015187     0.010004
4897         7  107788071  108096841      1       1  192     -0.67297      0.74952   0.00053778            0
6561         7  122753588  122840025      1       1  192      -1.5246      0.93632   3.3688e-05            0
4899         7  129251555  129396922      1       1  192     -0.21919      0.58675    0.0015579            0
84912        7  133974089  134001827      1       1  192     -0.52681      0.70084   0.00077859            0
340351       7  134671259  134820530      1       1  192       1.7965     0.036208     0.022886     0.017743
6916         7  139478047  139720125      5       5  192     -0.47751       0.6835     0.016434            0
64761        7  139723544  139764086      1       1  192     -0.36597      0.64281    0.0011344            0
11194        7  150725510  150744869      1       1  192     -0.69007      0.75492   0.00051406            0
51422        7  151253200  151574316      1       1  192     -0.30136      0.61843    0.0013083            0
64434        7  156742417  156765876      1       1  192     -0.89584      0.81483    0.0002894            0
79648        8    6264113    6501140      1       1  192     -0.51076      0.69524   0.00080953            0
2626         8   11534433   11617510      1       1  192      -1.2888      0.90126   8.1221e-05            0
137868       8   13947373   15095792      1       1  192     -0.34522      0.63504    0.0011882            0
57509        8   17501303   17658729      1       1  192      0.95503      0.16978    0.0098972    0.0046861
9            8   18027971   18081198      1       1  192       1.0191      0.15409     0.010662    0.0054551
6570         8   20002366   20040717      1       1  192     -0.41683       0.6616    0.0010105            0
2675         8   21549530   21672392      1       1  192     -0.30944       0.6215    0.0012855            0
2796         8   25276774   25282556      1       1  192     -0.95637      0.83056   0.00024161            0
148          8   26605667   26727003      3       3  192      0.19443      0.42292     0.014763            0
3084         8   31496820   32622558      1       1  192      0.71141      0.23842    0.0073079    0.0020831
5423         8   42195973   42229331      1       1  192      -0.2921       0.6149    0.0013348            0
9420         8   65508529   65711348      1       1  192      0.19084      0.42432    0.0033627            0
56704        8   75146935   75233721      1       1  192      0.36888      0.35611    0.0044837            0
6383         8   97505579   97624037      1       1  192     -0.64993      0.74213   0.00057115            0
83988        8  102698770  103137135      1       1  192       1.2997     0.096855     0.014441    0.0092541
55074        8  107282406  107764922      1       1  192      -1.7357      0.95869   1.4158e-05            0
23081        9    6720863    7175648      1       1  192      0.86484      0.19356      0.00888    0.0036636
203238       9   15552872   15971897      1       1  192      0.43375      0.33224     0.004949            0
219          9   38392661   38398662      1       1  192      0.39986      0.34463     0.004702            0
216          9   75515578   75653633      4       3  192     -0.96887      0.83369    0.0045821            0
64078        9   86890765   86983413      3       2  192      -1.0013      0.84165    0.0018226            0
4920         9   94484878   94712444      1       1  192       -0.236      0.59328    0.0015041            0
169841       9   97021578   97065291      1       1  192      0.16814      0.43324    0.0032355            0
19           9  107543283  107690527      5       5  192     -0.94038      0.82649     0.011458            0
84253        9  129986750  130155828      1       1  192      0.59783      0.27498    0.0062692     0.001039
8818         9  130697374  130700763      1       1  192      0.55959      0.28788    0.0059428    0.0007109
6838         9  136197543  136203047      1       1  192     0.095253      0.46206    0.0028503            0
11093        9  136279459  136324525      1       1  192       1.9252     0.027099     0.025446     0.020317
9719         9  136397286  136440641      1       1  192      0.57818      0.28157    0.0060999   0.00086887
10531       10    3179919    3215033      1       1  192      0.65062      0.25765     0.006739    0.0015113
8644        10    5090958    5149878      1       1  192     -0.18137      0.57196    0.0016841            0
55388       10   13203554   13253104      1       1  192       1.3147      0.09431     0.014663     0.009477
10557       10   15139179   15146256      1       1  192      -1.4746      0.92985     4.09e-05            0
6251        10   16632615   16859509      1       1  192       1.6092     0.053783     0.019436     0.014275
5305        10   22823766   23003503      1       1  192       1.6074     0.053989     0.019403     0.014242
221037      10   64926983   65225880      1       1  192       1.2537      0.10498     0.013773    0.0085827
80201       10   70980059   71027315      1       1  192       0.4136      0.33959    0.0048011            0
9469        10   73724120   73773322      2       2  192      0.33621      0.36835     0.010513   4.1901e-05
54462       10   86088342   86278276      1       1  192      0.69524      0.24345    0.0071536    0.0019281
11155       10   88426542   88495829      1       1  192     -0.33395      0.63079    0.0012182            0
55328       10   90033621   90343611      1       1  192     -0.24403       0.5964    0.0014789            0
54536       10   94590887   94819251      1       1  192     -0.11101       0.5442    0.0019391            0
1562        10   96443251   96495947      1       1  192       0.5915      0.27709    0.0062143   0.00098387
1559        10   96698350   96749486      3       2  192       1.6412     0.050378     0.031126     0.020874
1558        10   96796529   96829255      1       1  192      -0.1205      0.54796    0.0019032            0
1244        10  101542457  101611662      1       1  192       1.4328     0.075964     0.016481     0.011305
57715       10  102729254  102745373      1       1  192      -2.2658      0.98827    1.141e-06            0
143187      10  114206756  114578503      1       1  192       1.6291     0.051648     0.019786     0.014627
3026        10  115310590  115349361      1       1  192      -1.5239      0.93623    3.378e-05            0
374354      10  115614391  115672265      1       1  192      -1.0149      0.84491   0.00020191            0
118670      10  124670217  124672627      1       1  192      0.69052      0.24493     0.007109    0.0018833
2849        10  125425871  125456915      1       1  192      -0.5366      0.70423    0.0007602            0
1488        10  126676418  126849624      1       1  192     -0.50321      0.69259   0.00082443            0
977         11     832952     838840      1       1  192      0.11768      0.45316    0.0029652            0
5002        11    2920951    2946476      1       1  192      0.52359      0.30028     0.005646   0.00041255
119772      11    4566421    4567374      1       1  192     0.070289      0.47198    0.0027263            0
81282       11    4935949    4936893      1       1  192      -0.7683      0.77884   0.00041608            0
119679      11    5067756    5068691      1       1  192      -0.6032      0.72681   0.00064391            0
6833        11   17414432   17498449      2       2  192     -0.31789      0.62472     0.004966            0
340990      11   17568920   17667491      1       1  192      -1.6578      0.95133   1.9662e-05            0
847         11   34460472   34493607      1       1  192     -0.78747       0.7845   0.00039455            0
57689       11   40135524   41481186      1       1  192        1.734     0.041455     0.021699      0.01655
84680       11   44087729   44105791      1       1  192     -0.25985      0.60251    0.0014302            0
2132        11   44117099   44266980      1       1  192     -0.88853      0.81287   0.00029567            0
60529       11   44282278   44331735      1       1  192      0.85416      0.19651    0.0087642    0.0035471
2147        11   46740743   46761056      1       1  192       1.2355      0.10832     0.013515    0.0083231
9376        11   62760296   62783317      2       2  192     -0.33244      0.63022    0.0048736            0
117245      11   63228876   63258680      1       1  192      -0.0291      0.51161    0.0022706            0
5970        11   65421067   65430443      1       1  192      0.86942      0.19231      0.00893    0.0037138
79703       11   66512207   66613997      1       1  192      0.31087      0.37795    0.0040937            0
11309       11   74862032   74917445      1       1  192     -0.87801      0.81003   0.00030489            0
79731       11   78147007   78285909      1       1  192      0.32815       0.3714    0.0042073            0
54843       11   85405264   85522197      1       1  192      0.10682      0.45747    0.0029091            0
7299        11   88911040   89028927      1       1  192     -0.53656      0.70421   0.00076027            0
120114      11   92047446   92629636      1       1  192       1.7268     0.042097     0.021565     0.016415
84441       11   95711440   96076344      1       1  192      0.33509      0.36878    0.0042536            0
255239      11  113258513  113271140      1       1  192      0.26161      0.39681    0.0037816            0
7704        11  113930289  114126702      1       1  192      -0.7858      0.78401   0.00039639            0
399979      11  130745766  130786382      1       1  192      0.66547      0.25288    0.0068751    0.0016482
50863       11  131240371  132206716      1       1  192        0.513      0.30398    0.0055605   0.00032662
89944       11  134201768  134246222      1       1  192      0.25186      0.40058    0.0037218            0
9918        12    6602547    6641132      1       1  192    -0.066264      0.52642    0.0021155            0
25977       12    8234807    8250373      1       1  192    -0.032768      0.51307     0.002255            0
5858        12    9301436    9360966      1       1  192     -0.33303      0.63044    0.0012207            0
51267       12   10223012   10251655      1       1  192     -0.85863      0.80473   0.00032251            0
50837       12   10954131   10955226      1       1  192      0.22321      0.41169      0.00355            0
4257        12   16500076   16530123      1       1  192      0.22396      0.41139    0.0035544            0
10599       12   21284128   21392730      2       2  192       2.7007    0.0034594     0.058202     0.048236
6579        12   21417534   21548371      1       1  192      0.74665      0.22764    0.0076516    0.0024287
10060       12   21950323   22094797      3       3  192     -0.44348      0.67129    0.0081774            0
4033        12   25205181   25261269      1       1  192      -1.8214      0.96573   9.7416e-06            0
83857       12   29653746   29937692      1       1  192       -1.418       0.9219   5.0715e-05            0
120892      12   40618813   40763087      1       1  192     -0.33364      0.63067     0.001219            0
9169        12   46312914   46385898      1       1  192     -0.42475      0.66449   0.00099218            0
55089       12   47158544   47226205      1       1  192     -0.37195      0.64503    0.0011193            0
8091        12   66218240   66360071      1       1  192     -0.45122      0.67408   0.00093287            0
100129940   12   66253782   66275821      1       1  192     -0.45122      0.67408   0.00093287            0
8549        12   71832931   71980090      1       1  192     -0.27869      0.60976    0.0013739            0
1833        12   91357456   91398803      1       1  192       1.1952        0.116     0.012952    0.0077572
27340       12  101673905  101780397      1       1  192     -0.59709      0.72478   0.00065394            0
4604        12  101988709  102079658      1       1  192       -1.848       0.9677   8.6547e-06            0
353116      12  123955909  124018265      2       2  192       1.2896     0.098592     0.024218     0.013892
255967      13   28710997   28869475      1       1  192     -0.46896      0.68045   0.00089469            0
6541        13   30083551   30169825      1       1  192      0.67076      0.25119    0.0069241    0.0016974
94240       13   43460524   43566407      1       1  192      0.86378      0.19385    0.0088685     0.003652
10257       13   95672083   95953705      6       5  192      0.30746      0.37925     0.027923    0.0017922
266722      13   96743093   97491816      1       1  192      -2.8452      0.99778   4.0828e-08            0
6555        13  103696348  103719196      1       1  192     -0.69781      0.75735    0.0005036            0
79587       13  111293757  111358480      1       1  192     -0.21209      0.58398     0.001581            0
7011        14   20833826   20882331      1       1  192       0.8444      0.19922    0.0086592    0.0034416
6038        14   21152259   21168761      1       1  192     -0.34857      0.63629    0.0011794            0
161253      14   23352374   23356889      1       1  192        1.231      0.10917     0.013451    0.0082584
1690        14   31343741   31364285      1       1  192     -0.49324      0.68908   0.00084442            0
64067       14   33404115   34273382      1       1  192      -1.1654      0.87808   0.00012418            0
51199       14   51186481   51297839      1       1  192     -0.71698      0.76331   0.00047843            0
6554        14   70242552   70264006      2       2  192    -0.035509      0.51416    0.0070146            0
801         14   90863327   90874619      1       1  192     -0.56265      0.71316   0.00071287            0
283748      15   42359881   42386752      1       1  192      -1.6631      0.95185    1.924e-05            0
399697      15   48470546   48495951      1       1  192       1.3232     0.092882      0.01479    0.0096049
9101        15   50716579   50793280      1       1  192       2.1414     0.016122     0.030089     0.024985
8925        15   63900817   64126148      1       1  192      0.56598       0.2857    0.0059965   0.00076487
145957      15   76234314   76304785      1       1  192     -0.89829      0.81548   0.00028732            0
5346        15   90207598   90222648      1       1  192     -0.98649      0.83805   0.00022041            0
28232       15   92396938   92715665      2       2  192       0.6018      0.27365      0.01362    0.0031817
23524       16    2802330    2821413      1       1  192      0.70917      0.23911    0.0072864    0.0020616
79091       16    8715497    8740079      1       1  192     0.010475      0.49582    0.0024449            0
23274       16   11038345   11276046      1       1  192      -1.2261      0.88992   0.00010108            0
368         16   16243422   16318083      2       1  192      -1.3005      0.90328   7.7919e-05            0
81533       16   47188302   47495018      1       1  192       0.5645      0.28621     0.005984   0.00075234
4313        16   55513081   55540586      1       1  192      0.67087      0.25115    0.0069251    0.0016985
8824        16   66968347   66978999      1       1  192     -0.24205      0.59563    0.0014851            0
8717        16   67188088   67193812      1       1  192      0.68438      0.24687    0.0070512    0.0018252
1012        16   82660399   83830215      1       1  192    -0.094297      0.53756    0.0020037            0
4157        16   89984287   89987385      1       1  192      0.60489      0.27263    0.0063307    0.0011009
23125       17    4871287    4890960      1       1  192    -0.045856      0.51829    0.0021997            0
23746       17    6327057    6338576      1       1  192      0.30568      0.37992    0.0040601            0
2256        17    7341784    7348256      1       1  192       1.4626      0.07179      0.01696     0.011787
64518       17   15207129   15244958      1       1  192      0.63611      0.26235    0.0066076    0.0013792
224         17   19552064   19580908      2       2  192       1.5561     0.059845     0.029359     0.019088
7126        17   26662548   26674035      1       1  192      -1.8716      0.96937   7.7827e-06            0
342618      17   33874728   33886783      1       1  192       -3.105      0.99905   7.5051e-09            0
3860        17   39657233   39661865      1       1  192       0.9221      0.17824    0.0095177    0.0043047
10014       17   42154121   42201014      1       1  192     -0.20616      0.58167    0.0016005            0
78995       17   42219274   42239844      1       1  192      0.27359       0.3922    0.0038559            0
3211        17   46606807   46608272      1       1  192     -0.12734      0.55066    0.0018776            0
8714        17   48712205   48769063      2       2  192      0.82093      0.20584     0.016587    0.0061808
10238       17   61627796   61671641      1       1  192       2.2598     0.011916     0.032818     0.027727
54549       17   71330523   71640227      1       1  192        2.293     0.010924     0.033604     0.028518
147138      17   76125505   76139049      1       1  192      -2.4177      0.99219   5.0567e-07            0
494514      18     649620     658340      1       1  192     -0.39859       0.6549    0.0010537            0
7298        18     657590     673499      1       1  192     -0.39859       0.6549    0.0010537            0
9663        18    2916992    3013313      1       1  192       1.1192      0.13154      0.01193    0.0067292
83539       18   24494554   24765302      2       2  192     -0.54624      0.70755    0.0036541            0
252884      18   32946661   32957301      1       1  192     -0.24136      0.59536    0.0014873            0
89778       18   61370194   61391123      1       1  192      -1.7921      0.96344   1.1085e-05            0
4772        18   77155772   77289323      1       1  192     -0.67975      0.75167   0.00052827            0
682         19     571277     583493      1       1  192     -0.12957      0.55155    0.0018692            0
257062      19    5720688    5778742      1       1  192     -0.63558      0.73748   0.00059274            0
50509       19   10070237   10121147      1       1  192       1.0177      0.15441     0.010646    0.0054386
126402      19   15121539   15134083      1       1  192     -0.10927       0.5435    0.0019458            0
11283       19   15726029   15740448      1       1  192      0.82948      0.20342    0.0085002    0.0032818
4051        19   15751701   15771570      1       1  192      -1.1222      0.86912   0.00014327            0
57834       19   16023180   16045676      1       1  192       1.3319     0.091447      0.01492    0.0097356
79939       19   16660648   16683193      1       1  192      -0.3494       0.6366    0.0011772            0
5864        19   18307609   18314874      1       1  192      0.24459      0.40339    0.0036776            0
80726       19   18367906   18385319      1       1  192      0.99694       0.1594     0.010394    0.0051853
51291       19   19740285   19754457      1       1  192      -1.5999      0.94519   2.4939e-05            0
85415       19   33469498   33555824      1       1  192      0.53703      0.29562    0.0057556   0.00052273
64377       19   34112861   34264414      1       1  192    -0.074448      0.52967    0.0020824            0
148103      19   35248979   35264134      1       1  192       1.3591     0.087057     0.015332      0.01015
84924       19   36936021   36980804      1       1  192       1.4062     0.079828     0.016062     0.010883
55588       19   39881893   39891203      1       1  192     -0.66286      0.74629   0.00055222            0
284323      19   40575059   40596845      1       1  192       1.7282     0.041973     0.021591     0.016441
7638        19   44455375   44471752      1       1  192       1.8568     0.031673     0.024065     0.018928
4059        19   45312316   45324678      1       1  192     -0.58822      0.72181   0.00066873            0
6820        19   49055429   49102684      2       2  192       0.3223      0.37361     0.010364            0
126205      19   56459198   56499995      1       1  192     -0.25465       0.6005    0.0014461            0
9770        20    4760669    4804291      1       1  192      0.59952      0.27441    0.0062839    0.0010538
23236       20    8112912    8865547      1       1  192       1.0532      0.14612     0.011084    0.0058796
24141       20    9495005    9511171      1       1  192      -2.6054      0.99541   1.7451e-07            0
140733      20   13976146   16033842      1       1  192      0.35081      0.36286    0.0043596            0
55857       20   21106624   21227260      2       2  192     -0.12113      0.54821    0.0063407            0
10544       20   33759740   33803771      1       1  192     -0.44573       0.6721   0.00094494            0
8904        20   34213953   34252878      1       1  192     -0.93814      0.82591   0.00025525            0
64849       20   45186462   45313124      1       1  192      0.69688      0.24294    0.0071692    0.0019437
8202        20   46130601   46285621      1       1  192       1.4047     0.080051     0.016038     0.010859
128553      20   51588946   52111869      1       1  192     -0.85989      0.80507   0.00032134            0
757         21   34804793   34852316      1       1  192      -1.2183      0.88844   0.00010384            0
7267        21   38445554   38575408      1       1  192      0.11826      0.45293    0.0029682            0
9619        21   43619799   43724497      3       3  192     -0.78071      0.78251    0.0056998            0
80781       21   46825058   46933634      1       1  192      0.32138      0.37396    0.0041626            0
5116        21   47743976   47865682      1       1  192     -0.48546      0.68633   0.00086027            0
23523       22   24407642   24574596      1       1  192      0.43445      0.33198    0.0049542            0
114904      22   37576206   37594341      1       1  192      0.41702      0.33833     0.004826            0
5880        22   37621301   37640339      2       2  192       3.2054   0.00067431     0.074358     0.064563
2033        22   41488614   41576081      1       1  192       1.0769      0.14076     0.011384    0.0061805
150356      22   41605861   41636935      1       1  192       1.7467     0.040348     0.021936     0.016788
7008        22   41763337   41795332      1       1  192       1.0053      0.15737     0.010495    0.0052873
50          22   41865099   41924993      1       1  192         1.69     0.045513     0.020884     0.015731
5372        22   41972890   41985871      1       1  192       0.7339      0.23151     0.007526    0.0023025
150365      22   42095518   42195459      2       2  192       1.6247      0.05211      0.03078     0.020524
79879       22   42196636   42228175      1       1  192       1.4368     0.075382     0.016546      0.01137
6721        22   42229083   42303312      7       4  192       2.2361     0.012671     0.065476     0.045486
440829      22   42305558   42310671      1       1  192        2.869    0.0020591     0.048876      0.04387
79019       22   42334531   42343155      1       1  192       2.5178    0.0059044     0.039206     0.034149
55964       22   42372855   42394225      4       2  192       3.1668   0.00077054     0.073051     0.063242
164684      22   42391607   42428935      7       2  192       3.1975   0.00069317     0.074088      0.06429
4668        22   42454338   42466852      3       2  192       3.1177   0.00091125     0.071404     0.061577
4700        22   42481530   42486888      2       1  192       3.3911   0.00034808     0.065276     0.060356
6942        22   42556019   42664768     25       5  192       3.5964   0.00016134       0.1233      0.09973
23313       22   45588123   45636650      1       1  192     -0.29184       0.6148    0.0013355            0
5465        22   46546458   46639653      3       3  192     -0.04167      0.51662     0.012016            0
