39 1 26.36560303
48 1 22.03856749
37 1 27.25088745
45 1 17.96875
55 1 22.89281998
34 1 24.03460984
39 1 25.20920136
40 1 29.38475666
63 1 19.94805977
34 1 22.22906193
38 1 29.98358793
44 1 22.49134948
38 1 19.57168128
32 1 20.76124567
30 1 20.04744562
48 1 21.95247934
39 1 21.0076678
29 1 28.3446712
35 1 22.14532872
37 1 18.93877551
24 1 31.02040816
49 1 19.57168128
45 1 26.34649403
51 1 18.42653421
38 1 21.60410478
32 1 28.68514468
61 1 26.89232314
28 1 23.87511478
43 1 25.59373706
40 1 24.22145329
48 1 23.99945917
39 1 29.06574394
42 1 32.76939491
28 1 24.91349481
42 1 23.03004535
32 1 23.183391
27 1 29.98358793
49 1 28.95900015
32 1 20.76124567
32 1 35.26170799
31 1 24.33747972
49 1 24.05693475
35 1 35.98615917
48 1 25.71166208
51 1 23.45856238
41 1 22.48132907
45 1 21.77384236
27 1 25.64891762
32 1 21.14631991
53 1 21.79930796
44 1 24.4646016
44 1 19.57168128
44 1 20.28650791
38 1 27.75510204
42 1 23.03004535
35 1 27.08415907
39 1 21.2585034
31 1 27.39817568
44 1 19.48696145
45 1 33.80205516
43 1 23.45856238
40 1 27.73229978
50 1 20.54988662
65 1 19.10009183
35 1 31.56167151
59 1 25.71166208
52 1 22.40587695
40 1 24.09297052
46 1 29.41176471
34 1 26.36560303
31 1 20.2812331
37 1 29.9377471
31 1 23.99945917
48 1 26.21882086
41 1 23.22543185
44 1 24.22145329
30 1 24.30248706
32 1 31.14186851
40 1 26.60971255
27 1 22.09317005
37 1 22.09963536
45 1 30.21321664
38 1 23.66143862
32 1 23.38868656
31 1 23.25501864
38 1 21.2585034
31 1 30.71739992
36 1 23.24380165
33 1 22.85714286
41 1 21.3577956
45 1 28.125
36 1 21.2244898
32 1 22.05219018
42 1 26.98961938
39 1 26.12244898
45 1 22.98190175
39 1 20.47826661
43 1 19.95728441
45 1 22.85714286
34 1 21.29529475
39 1 26.89232314
33 1 26.60971255
42 1 21.1552942
52 1 23.87511478
33 1 22.03856749
33 1 28.40550436
34 1 26.25958475
30 1 20.76124567
39 1 29.32098765
39 1 24.48979592
46 1 24.48979592
37 1 21.55102041
28 1 19.94321255
34 1 29.06574394
47 1 25.97011555
40 1 29.03673779
48 1 18.75
35 1 25.18078512
32 1 22.32142857
51 1 18.42403628
28 1 25.18078512
36 1 21.29529475
32 1 18.55677322
37 1 28.72737719
28 1 25.2493372
40 1 28.3446712
28 1 20.07960128
40 1 23.24380165
31 1 28.08901095
36 1 23.93898977
39 1 24.50894577
37 1 23.66143862
26 1 25.76298058
31 1 22.49134948
31 1 25.0995016
31 1 22.98539751
30 1 22.22906193
35 1 23.30668005
36 1 30.11937557
34 1 22.85714286
35 1 24.33747972
39 1 21.87755102
32 1 27.6816609
30 1 23.03004535
31 1 23.05456246
30 1 22.32142857
41 1 19.23018223
32 1 24.38237298
29 1 25.51020408
33 1 28.40550436
36 1 26.29757785
37 1 17.50638983
46 1 23.03004535
48 1 25.39343112
33 1 33.61226848
31 1 23.4375
51 1 24.77209671
47 1 19.95935549
48 1 28.9340689
46 1 21.10726644
33 1 21.51385851
41 1 24.21229339
34 1 27.91551882
33 1 23.183391
44 1 21.484375
39 1 23.62444749
41 1 22.30814991
52 1 20.71569381
36 1 19.03114187
35 1 19.03114187
44 1 23.4375
38 1 20.19946976
38 1 25.81663021
40 1 21.4532872
28 1 19.15158479
53 1 23.33546614
29 1 24.48565201
40 1 23.73866213
33 1 24.09297052
56 1 19.81405274
32 1 24.09297052
38 1 21.87755102
27 1 26.12861083
26 1 23.93898977
47 1 29.0687733
50 1 23.52941176
38 1 22.09317005
47 1 23.1206236
45 0 20
30 1 21.77384236
49 1 28.3446712
42 1 20.76124567
36 1 24.8015873
38 1 23.73866213
35 1 22.27617233
26 0 28.88888889
32 0 22.03172568
33 0 21.35930625
42 1 24.09297052
43 1 22.49134948
43 1 24.07407407
48 1 20.89795918
35 1 22.64219297
39 1 22.23098713
46 1 22.5710475
40 1 22.46003435
44 1 20.79672989
36 0 19.1953028
44 0 21.8299522
43 1 28.57796068
40 0 20.95717116
34 0 20.82999519
37 0 21.09375
34 0 28.95900015
42 0 20.02884153
40 0 23.01117686
49 1 24.39105884
54 1 17.85651763
26 0 24.4646016
41 0 18.02595738
40 1 31.70828379
45 1 20.2812331
53 1 22.67573696
33 1 23.87543253
47 1 28.28282828
41 1 20.06920415
44 1 22.09317005
36 1 25.60553633
53 1 21.4532872
58 1 22.49134948
37 1 23.99945917
44 1 25.64891762
29 0 16.86625063
44 1 21.46915048
43 1 23.03004535
43 0 22.14532872
44 1 19.60715661
44 1 22.03856749
35 0 19.05197378
25 0 21.63114885
51 1 20.14797199
27 0 24.14151925
49 1 19.33372992
28 0 21.35930625
52 1 26.07897153
33 0 18.64534404
41 1 30.07116843
66 1 20.07733492
35 1 23.33546614
41 0 24.65483235
34 0 23.53304271
29 0 20.69049454
39 1 21.23197675
38 0 25.6543724
45 1 25.82644628
26 0 27.63605442
31 1 23.98687034
31 0 37.55668934
50 1 27.71768524
32 1 33.15043439
45 1 20.60378035
29 0 19.39618823
41 1 26.72287252
42 1 22.77318641
44 1 22.03856749
28 0 18.90203813
27 1 25.71166208
27 0 28.515625
28 0 19.72103697
41 1 25.21735858
37 1 23.88946281
49 1 22.05805119
43 1 19.23356075
46 1 23.14814815
33 0 25.81663021
36 1 26.57312925
36 0 20.504934
31 1 23.6368153440176
31 1 22.94811574
47 1 23.25501864
31 1 23.6368153440176
43 1 21.96712018
31 1 23.6368153440176
37 1 18.16620425
30 0 23.10843458
41 1 22.03856749
32 1 23.30668005
30 1 22.09317005
29 0 23.23345618
46 1 19.59183673
24 0 18.25631871
29 0 22.77318641
39 0 20.3125
44 1 19.48696145
45 1 23.95122659
43 1 24.24242424
39 1 18.9370029
26 1 25.05736022
35 1 22.85714286
30 0 20.42941836
36 1 20.93663912
46 1 24.8015873
37 0 19.57168128
42 1 21.8299522
27 0 18.02595738
37 0 25.76571346
32 0 22.58270917
36 1 26.95984034
38 0 20.56880661
31 0 26.44628099
29 0 23.7953599
39 0 24.43518667
35 1 19.10009183
29 1 23.87511478
35 0 25.71100827
26 0 18.49112426
37 1 18.36547291
26 0 25.91068435
31 1 25.82644628
39 1 24.03460984
35 0 19.6282647
36 1 26.07897153
40 1 25.71166208
32 0 21.77384236
41 0 23.85798817
28 0 21.50188649
34 0 18.42403628
33 0 23.23345618
35 1 27.54820937
38 1 27.54820937
32 0 19.47714681
32 1 31.35357879
35 0 18.90203813
33 1 19.37716263
28 0 20.19557823
39 1 25.10239133
30 0 25.56610665
40 1 30.07116843
46 1 19.95935549
27 0 19.17457999
25 1 20.703125
43 0 25.47666009
35 0 27.34375
38 1 19.59183673
