1.28206768
-0.56716222
1.152313216
-0.711097583
-0.523351805
0.495863201
0.908434021
1.149009799
0.600579335
-0.067526189
0.472086936
-0.183178271
-0.298608476
0.514029319
1.125591595
0.002245871
-0.536788331
-0.155834113
0.315059706
0.40149259
0.924892958
-0.132191316
-0.02891732
0.296563196
1.543504287
-0.536643402
0.664958577
-1.020842374
0.389801129
0.331103771
-0.754833534
-0.735131755
-0.383426329
0.252868875
-0.779691583
-0.978022732
0.097757998
0.95339492
2.409266771
-1.340518503
-1.4868735
0.158656524
0.231753209
0.460341918
-2.869567818
-0.693559359
0.939191397
0.229891982
0.038813772
0.688957376
1.774080691
-1.28593579
-0.816091956
0.030113464
0.758747035
-0.693559359
-0.758350564
-1.900854082
1.263328093
0.119151415
-0.831843372
1.622711851
0.825305427
-0.627227313
0.17108152
0.674606877
-0.494596656
-1.004942679
-0.379382892
-0.754833534
0.249780342
0.222919484
-0.844541637
0.665950151
1.185452748
-0.229877878
-1.191851457
-0.219023039
0.485026824
0.434080338
-0.387567532
-1.262071487
0.357093573
-0.466503315
-1.613046461
0.182130158
0.825902802
-0.613422868
-0.571048027
-2.869567818
2.604042779
0.296563196
-2.869567818
1.142082429
1.408345712
0.587262043
-1.837043665
-1.15891346
1.215721139
-0.139481447
2.03258724
0.728736271
-1.117870897
-0.208090405
-0.425753876
1.354258275
0.710398658
-0.817914308
-0.30618569
0.497576135
1.635877682
0.718501623
-0.14454305
-0.915358353
-1.441800185
0.564792154
0.730505309
-0.673278152
-0.019974146
-0.032440963
1.108418088
0.445393109
-0.449204891
-0.963662603
-0.534115321
-0.851452894
1.065884344
-0.58916542
-1.219908182
-0.610760651
-1.42165924
-0.028258459
0.460631267
0.406093682
1.391749996
1.314314249
0.135021329
-0.891675637
0.296563196
0.34270375
-0.076492258
-0.667518656
-1.026106808
-0.637756957
0.706051884
1.223221802
1.572254106
0.916679315
0.349419126
-1.074399159
0.414007808
-0.197675077
0.233641414
-0.123252812
-0.075020077
-0.430345601
0.439964567
-2.246395591
0.565715811
-0.192371202
-2.812667246
-1.709513896
-0.42511182
-1.357679025
0.808372823
0.051952362
-0.204612993
0.522456082
0.718501623
0.469024634
-1.2573304
-0.390092195
-0.016297396
-0.112797563
-1.313072039
-1.640868994
-1.295074475
-0.421904427
-0.418061891
-0.792992006
0.594210136
-0.054137327
-1.405726184
0.087862368
0.104767151
0.94292049
-1.906280082
-0.528595537
0.334887417
1.057018299
-0.260941387
0.000880552
1.151941077
0.900156829
-0.071752186
-2.489567011
1.788468474
-1.430769968
-0.063441585
-0.227560985
-1.470801222
1.007313391
-1.001845641
0.628145316
-0.416782579
0.574987984
0.931032564
1.275698804
-0.176309401
-0.054137327
-2.670539889
-0.843260409
-0.267372136
-0.0562975
-0.386126204
-0.600632519
0.337855596
-2.869567818
-0.905865268
0.278289512
2.604042779
-0.072102078
2.264424045
2.234073872
-0.550471833
0.820601491
-0.233296013
-0.022206438
0.084323665
0.111971371
-1.171008751
0.180969826
-0.161502066
-0.565042827
0.598818328
-1.224060675
1.067041389
-0.693559359
0.935795664
0.035710579
1.285616094
-0.688574729
1.205858911
1.423319492
0.089377166
0.920790078
0.620657103
-0.276335917
0.529042162
-0.505566694
-0.118426668
-0.691377154
0.275382915
-0.955202214
1.109358388
1.4819124
-0.512688485
-0.606913301
0.927233934
0.519981065
0.768691211
1.123413516
0.324782788
0.546560926
1.067589245
0.159389407
-0.421904427
-0.542273838
-0.064565553
-1.429857147
2.041524471
0.008101792
-0.894871532
-2.124884351
-0.244830549
0.50132662
1.374286359
2.604042779
2.604042779
-0.023630433
-0.336919767
1.28264573
-2.416692585
-1.191300355
-2.758495966
0.315266161
0.209281995
0.061287919
0.076847897
-0.476437327
0.091323188
0.089074292
0.059094979
-0.481704164
0.354419565
0.439229923
-0.265583877
0.517148965
0.309657239
-0.224081779
0.448095572
0.096935108
1.546571888
1.004353301
-0.633283505
-0.912388218
0.834899247
0.752697691
1.309867686
1.464154759
0.314811931
-0.451409696
0.128254945
-0.396416915
-0.257959927
0.556587718
-1.823249684
1.769552925
1.018197554
-0.278852519
0.618206215
0.026373904
1.240621768
-0.207189827
0.481877962
0.005688671
-0.470797616
0.28645965
-1.28305798
-0.43863562
-0.258445751
-0.009366409
0.44729717
-0.492156453
-0.644228037
-1.900515414
2.08883366
0.517089923
-0.019867904
-1.263020965
0.8700309
-1.301672133
0.98301863
-0.794898834
