1.24400824365415
-0.561382551854414
1.10562153734563
-0.639734693300958
-0.544867676643218
0.502336622891349
0.88719903094904
1.06490094067151
0.604915758234698
-0.0347839155212494
0.383513431937091
-0.17549065399862
-0.235699524783877
0.572374527309971
1.19856958342789
0.0092780325428853
-0.496895360438092
-0.201448296605243
0.34689634650388
0.475733528929687
0.850968895798399
-0.09264487356701
-0.0794419268012885
0.348522613087711
1.57684358183174
-0.593582715321607
0.572510891156421
-0.999305277609617
0.354476085144219
0.322115627650073
-0.777582808363002
-0.812475444306973
-0.521025896333914
0.259298617689981
-0.775593703961826
-0.954917228958712
0.0325470027202242
0.85636559790529
2.46761197930997
-1.49313999932474
-1.47843492779243
0.132947175056451
0.0622201052153259
0.412681865096479
-2.89081919772873
-0.679354362109527
0.955194134842871
0.227745949119203
0.0915565490453856
0.687598700265962
1.7530595338959
-1.23577002539286
-0.776326178316602
-0.026037879019823
0.762844914038174
-0.733577583582199
-0.722106991558598
-1.93694546520492
1.31472644336599
-0.0398438824653581
-0.836103836250083
1.56264452837094
0.848496130697763
-0.614801563581833
0.0659201280082453
0.603584315313346
-0.502656417713196
-1.01206153115141
-0.476627876085303
-0.782273648171702
0.317233100357119
0.137136780958452
-0.831185215970887
0.610911463251466
1.1888318203136
-0.247361479089248
-1.18077991340614
-0.311705138942817
0.441291982594757
0.483666748595927
-0.359313829314974
-1.36885290194754
0.360500791806849
-0.446384649675576
-1.58885920148141
0.220497594876232
0.741520144737524
-0.59969173507159
-0.545319815941568
-2.83901657307399
2.52764275282353
0.339673224388642
-2.83000451492386
1.0885726079227
1.37382391518005
0.585688768238101
-1.78944845557017
-1.1122339570242
1.21596297684047
-0.0931538284120155
1.98686457172269
0.699868480638569
-1.08649733092527
-0.237526055045544
-0.38811624133196
1.29926357419909
0.684500999969974
-0.755321370820368
-0.387242910861286
0.486807748814749
1.61024224477094
0.75473710485597
-0.0658008495168421
-0.982082720132822
-1.49109660370577
0.48574660969104
0.784130227250282
-0.685604257458163
0.0156720174259719
0.0195547963814174
1.11095903358565
0.487472998718324
-0.358786892321611
-1.03183567776442
-0.532571737160086
-0.920429586388376
1.14264222975702
-0.583929744810911
-1.26605050269512
-0.607143785019845
-1.43270623666398
-0.0227273757583207
0.458949600652446
0.441391536654174
1.38910193928944
1.34242421663925
0.176259060218072
-0.876735455216288
0.210261851317397
0.366308096623602
-0.0765491435317559
-0.640281585111533
-1.06844647190705
-0.608172704743862
0.733155573269929
1.26311569429563
1.63375992130454
0.922340872348045
0.345043502552736
-1.12939385980091
0.383309660855228
-0.102594410342546
0.229243835298853
-0.166282934114946
-0.205767801667714
-0.408813256223226
0.399602623558941
-2.20824167783193
0.47117307719946
-0.16879433951217
-2.76739563925852
-1.72049263672919
-0.475101603241675
-1.33669738639354
0.830710875484657
0.0537738989916204
-0.187888418740865
0.538986733985762
0.793522591515788
0.546169466950619
-1.26340829287602
-0.336316915794496
-0.0442459821023242
-0.0815117574922161
-1.22281247471568
-1.66457717983105
-1.28454392723944
-0.42386845913166
-0.410313692107595
-0.771838868262968
0.604082199327235
-0.024776391676703
-1.41485125613596
0.112717878328458
0.0103884721647264
0.922762189625315
-1.88005618018721
-0.536434799836645
0.357957560970136
1.10487900336533
-0.349032859301849
0.0379871159616682
1.14300804254842
0.902440525738001
-0.0418191844708674
-2.55546756744795
1.80958935179662
-1.40198994854165
-0.0748081660210681
-0.21774950356379
-1.48401674368465
1.02968772841401
-0.977237860594513
0.650240257639059
-0.414502214494098
0.591626661440499
0.963375140451784
1.32959123849716
-0.177739301319693
-0.13287973294472
-2.650776271628
-0.808903326406687
-0.243224005953201
-0.14020901812606
-0.35710408110776
-0.61075255666376
0.307285087691267
-2.8156868435009
-0.907397027830956
0.338575388770995
2.4861290080468
-0.0343834217305052
2.25031423527479
2.24498702328291
-0.633415826013928
0.869900406574554
-0.219815297796188
-0.0428360979667163
0.0879992328549899
0.0899248859137554
-1.17039551657987
0.142718097727088
-0.0588572842261292
-0.542483273521571
0.600792342603344
-1.22795511252857
1.11669102430721
-0.679284233115093
0.993897251687659
0.0775264857292161
1.31253037475579
-0.687529839778631
1.24886729920925
1.4627188336325
0.0278776833831881
0.989055436015939
0.524437800088837
-0.280251906576427
0.543563535995891
-0.541724080691546
-0.12339612653213
-0.644371159294268
0.312012422717947
-0.999530279615717
1.06639993720457
1.43423928718494
-0.499148909536104
-0.80954069654214
0.846140593439331
0.398076412327891
0.80171713893299
1.18925032664682
0.277277721827365
0.554395836515648
1.08186437088491
0.234539454109336
-0.424963326772084
-0.604867655975467
-0.00133109055006732
-1.45545854502094
2.04373803850462
0.0114741280603875
-0.837662599531057
-2.13100020308956
-0.280899975481977
0.466619485449682
1.40912501628278
2.6226752920071
2.63269515776975
-0.0334250044386983
-0.318287253992902
1.30008420466259
-2.3980600719929
-1.10581930460208
-2.74879235838486
0.335912880189397
0.230593770088203
0.104502736291436
0.086856434289266
-0.43081253217947
0.184363241460266
0.105779277614637
0.0903617583214093
-0.430305813634013
0.338743618012726
0.423565080748469
-0.195564877300854
0.525733343885158
0.331137721188771
-0.175401260778581
0.495393529576438
0.0667634292001159
1.59286454109715
1.02591129210377
-0.543263526141381
-0.956212316257295
0.848003885822424
0.712364310713333
1.33952933410807
1.42317229484136
0.31664535128166
-0.480123736725391
0.204396627463076
-0.377003683044447
-0.296740392546362
0.641963865090863
-1.74066778616767
1.7469821592626
1.00497320529219
-0.282998419282802
0.667923366824837
-0.00114374765952699
1.20995263057512
-0.182317014058139
0.457313832616539
0.0430136178501087
-0.401436323780272
0.287972729549945
-1.32982765570254
-0.491776889007026
-0.200158397125578
-0.105128674190189
0.507580166065524
-0.415798134768748
-0.587897658270027
-1.92019642876702
2.06278068508429
0.422994484523668
0.0204098736029
-1.18971225517219
0.944088754890703
-1.35403399078494
0.920483463762297
-0.732283123700828
