CHR SNP UNADJ FDR_BH BP
22 rs7245 1.172e-15 3.144e-13 42481849
22 rs2284087 1.172e-15 3.144e-13 42485671
22 rs5758589 1.172e-15 3.144e-13 42518382
22 rs1063392 3.649e-14 2.558e-12 42454950
22 rs133335 3.814e-14 2.558e-12 42416056
22 rs5751247 2.015e-12 1.014e-10 42633054
22 rs8138080 2.271e-12 1.076e-10 42396371
22 rs5751191 3.974e-12 1.529e-10 42370991
22 rs1062753 3.988e-12 1.529e-10 42392811
22 rs4467371 5.09e-12 1.782e-10 42541328
22 rs932376 6.21e-12 1.993e-10 42614362
22 rs2011944 6.932e-12 1.993e-10 42569999
22 rs4453786 9.75e-12 2.707e-10 42563308
22 rs5751255 1.064e-11 2.856e-10 42648408
22 rs5751221 2.5e-11 5.296e-10 42516366
22 rs5758651 3.508e-11 6.567e-10 42609148
22 rs1052717 6.599e-11 1.181e-09 42281429
22 rs5751239 1.266e-10 2.08e-09 42592239
22 rs133280 4.811e-10 7.172e-09 42255525
22 rs134871 3.272e-09 4.704e-08 42652716
22 rs8140869 6.89e-08 8.946e-07 42344297
22 rs742086 1.797e-07 2.26e-06 42552253
22 rs5758511 2.643e-07 3.273e-06 42336172
22 rs6002673 4.638e-06 5.656e-05 42691296
22 rs7285782 5.222e-05 0.0006182 42225018
22 rs17365991 0.0008325 0.00918 41790179
22 rs9607821 0.002249 0.02321 41983938
22 rs60133761 3.508e-11 6.567e-10 42668504
22 rs140061401 3.649e-14 2.558e-12 42395960
