CHR SNP UNADJ FDR_BH
22 rs7245 1.172e-15 3.144e-13
22 rs2284087 1.172e-15 3.144e-13
22 rs5758589 1.172e-15 3.144e-13
22 kgp7814563 2.593e-15 5.218e-13
22 kgp11017363 1.228e-14 1.647e-12
22 kgp137964 1.228e-14 1.647e-12
22 kgp9081934 3.649e-14 2.558e-12
22 kgp12016588 3.649e-14 2.558e-12
22 kgp11007658 3.649e-14 2.558e-12
22 kgp3385976 3.649e-14 2.558e-12
22 rs1063392 3.649e-14 2.558e-12
22 rs133335 3.814e-14 2.558e-12
22 kgp7971656 4.188e-14 2.593e-12
22 kgp1071563 3.827e-13 2.201e-11
22 kgp10581167 1.047e-12 5.619e-11
22 rs5751247 2.015e-12 1.014e-10
22 rs8138080 2.271e-12 1.076e-10
22 kgp5009187 2.64e-12 1.181e-10
22 kgp276463 3.149e-12 1.334e-10
22 rs5751191 3.974e-12 1.529e-10
22 rs1062753 3.988e-12 1.529e-10
22 kgp4109925 4.675e-12 1.711e-10
22 rs4467371 5.09e-12 1.782e-10
22 kgp5109906 6.094e-12 1.993e-10
22 rs932376 6.21e-12 1.993e-10
22 kgp9467178 6.932e-12 1.993e-10
22 rs2011944 6.932e-12 1.993e-10
22 kgp12372278 6.932e-12 1.993e-10
22 rs4453786 9.75e-12 2.707e-10
22 rs5751255 1.064e-11 2.856e-10
22 kgp5552913 1.137e-11 2.947e-10
22 kgp3626759 1.171e-11 2.947e-10
22 kgp6136748 1.618e-11 3.948e-10
22 kgp10044496 2.099e-11 4.827e-10
22 kgp12156374 2.099e-11 4.827e-10
22 kgp7721525 2.386e-11 5.191e-10
22 kgp2660985 2.386e-11 5.191e-10
22 rs5751221 2.5e-11 5.296e-10
22 rs5758651 3.508e-11 6.567e-10
22 kgp7142867 3.508e-11 6.567e-10
22 kgp2506118 3.508e-11 6.567e-10
22 kgp10741447 3.508e-11 6.567e-10
22 kgp8677086 3.508e-11 6.567e-10
22 kgp4354372 4.244e-11 7.765e-10
22 rs1052717 6.599e-11 1.181e-09
22 kgp9509994 7.313e-11 1.28e-09
22 kgp10756158 8.865e-11 1.487e-09
22 kgp75093 8.865e-11 1.487e-09
22 rs5751239 1.266e-10 2.08e-09
22 kgp5966902 1.368e-10 2.202e-09
22 kgp7689608 1.891e-10 2.985e-09
22 kgp11849808 3.11e-10 4.814e-09
22 rs133280 4.811e-10 7.172e-09
22 kgp2200199 4.811e-10 7.172e-09
22 kgp10833329 7.454e-10 1.091e-08
22 rs134871 3.272e-09 4.704e-08
22 kgp9873491 6.075e-09 8.58e-08
22 kgp958789 1.111e-08 1.541e-07
22 kgp8833048 1.562e-08 2.095e-07
22 kgp2384489 1.562e-08 2.095e-07
22 kgp4808917 5.711e-08 7.537e-07
22 rs8140869 6.89e-08 8.946e-07
22 kgp9121567 9.133e-08 1.167e-06
22 rs742086 1.797e-07 2.26e-06
22 rs5758511 2.643e-07 3.273e-06
22 rs6002673 4.638e-06 5.656e-05
22 kgp3184546 2.071e-05 0.0002488
22 rs7285782 5.222e-05 0.0006182
22 kgp7192805 6.482e-05 0.0007562
22 kgp11471870 0.0001737 0.001997
22 kgp11073643 0.0003037 0.003444
22 kgp8169721 0.0006357 0.007108
22 rs17365991 0.0008325 0.00918
22 kgp8630858 0.0009521 0.01036
22 kgp10372676 0.001124 0.01206
22 kgp4486229 0.001202 0.01273
22 kgp282841 0.00203 0.02122
22 rs9607821 0.002249 0.02321
22 kgp2765119 0.002847 0.02901
